2
3
4
4
4
5
6
11
13
13
13
17
17
18
19
20
21
21
22
23
27
27
28
28
28
29
29
30
31
32
32
33
33
34
34
37
39
40
43
46
49
49
51
51
51
51
52
52
53
55
56
59
59
59
60
61
61
62
62
62
67
67
67
69
70
70
70
70
71
71
72
72
72
72
75
75
76
81
82
85
85
87
90
91
93
94
94
99
99
101
102
102
103
104
105
105
105
106
106
107
108
110
110
112
112
114
116
117
118
119
121
121
123
125
125
126
127
127
128
130
131
133
133
133
135
136
137
138
138
141
141
144
146
146
149
149
149
149
152
153
154
155
157
158
158
160
160
161
162
164
165
167
169
171
173
175
175
175
175
175
175
176
177
178
178
181
181
181
182
182
183
185
185
187
187
189
190
194
195
198
199
200
200
201
202
203
203
203
206
206
207
207
208
208
209
209
211
211
211
213
213
213
214
216
219
219
219
220
222
222
222
223
224
225
226
226
226
226
230
230
230
231
232
233
234
234
235
235
235
237
237
237
237
237
238
239
240
243
243
245
245
246
247
248
249
249
251
251
252
254
255
255
255
256
256
258
258
258
262
263
266
269
269
269
269
271
272
273
274
274
275
275
276
276
277
277
277
278
281
282
284
285
285
285
286
286
288
291
291
292
292
293
294
294
296
296
297
299
299
300
301
301
301
302
302
303
304
304
305
306
308
308
311
313
314
314
314
315
316
317
320
320
321
321
323
323
323
323
323
323
325
325
328
328
329
330
331
331
333
335
335
337
338
339
342
342
342
345
345
345
347
347
349
349
350
350
350
351
351
353
353
354
354
354
356
358
359
362
362
364
364
364
365
366
367
367
367
370
370
372
376
377
378
380
381
382
386
387
387
388
388
389
389
390
391
391
393
393
394
394
394
394
394
395
397
398
398
399
400
401
401
403
405
406
407
407
408
408
409
409
410
414
414
415
416
416
417
419
420
421
422
423
424
425
429
429
429
431
432
432
433
434
434
435
435
438
439
441
441
442
443
444
445
445
448
449
450
453
454
454
455
457
458
460
460
462
463
463
464
464
465
466
468
468
470
471
474
474
474
477
477
478
479
479
480
480
480
481
482
483
484
484
484
487
488
492
492
493
494
495
496
496
497
500
500
501
502
504
504
504
506
507
509
510
511
511
512
513
514
514
516
516
516
518
519
519
522
522
522
523
524
525
525
526
528
532
533
534
536
538
539
539
539
540
541
541
543
544
545
545
546
546
547
548
548
549
550
551
551
553
553
554
554
554
555
556
557
560
560
561
561
562
562
563
563
563
564
566
567
567
567
568
568
570
571
572
573
573
574
575
575
575
576
576
576
577
578
579
581
582
583
583
585
585
585
586
587
588
588
588
588
589
590
592
593
594
595
596
596
599
600
601
601
602
602
604
604
606
608
609
610
611
614
614
615
616
619
621
623
624
626
627
628
629
630
630
632
633
634
634
635
636
636
636
637
637
640
641
641
643
643
645
645
645
648
648
648
648
650
651
651
653
655
656
660
661
661
661
661
661
662
662
663
663
663
665
665
666
667
668
669
670
671
671
671
672
674
674
676
680
681
681
681
683
685
687
688
688
689
689
690
691
692
692
694
695
695
696
696
697
697
699
700
704
705
705
706
707
707
708
711
712
712
712
714
714
714
714
714
715
717
719
719
720
721
722
723
724
726
727
729
731
731
733
733
734
736
738
739
742
743
744
745
746
746
748
748
748
749
749
750
753
754
755
755
757
758
758
759
759
760
761
761
763
764
767
767
770
770
773
774
776
777
777
777
778
779
779
780
780
785
785
785
787
787
788
788
789
790
792
792
793
794
796
797
799
799
800
800
801
801
803
804
804
804
806
807
807
808
808
808
809
809
810
810
811
812
814
814
814
815
815
818
820
820
820
821
823
823
823
823
825
825
825
826
827
829
830
831
832
833
834
835
836
836
837
838
839
840
841
842
843
843
843
845
845
845
846
847
848
851
853
853
853
854
854
855
856
857
857
858
860
860
861
861
863
865
866
866
868
868
869
870
871
871
872
872
875
875
875
875
876
877
877
879
879
881
884
884
885
885
885
886
886
889
890
890
892
892
892
892
893
894
894
894
896
897
899
900
901
901
901
906
907
907
909
909
910
910
911
912
912
915
915
915
917
920
921
925
927
927
928
931
931
933
935
935
937
938
938
939
939
940
940
941
942
945
946
947
947
948
949
949
949
951
952
953
953
955
956
956
957
960
961
961
962
962
963
964
965
965
966
968
969
971
971
978
978
979
980
981
983
983
984
986
987
989
990
990
994
996
996
997
999
1002
1003
1003
1004
1004
1005
1005
1009
1009
1009
1010
1012
1013
1013
1014
1016
1017
1019
1019
1021
1022
1025
1025
1026
1029
1029
1029
1030
1031
1031
1033
1036
1038
1039
1041
1041
1042
1042
1042
1046
1046
1047
1049
1049
1050
1051
1051
1052
1053
1054
1054
1054
1054
1055
1055
1055
1055
1057
1058
1059
1060
1061
1061
1062
1062
1063
1063
1064
1064
1064
1065
1065
1070
1071
1071
1072
1072
1074
1075
1078
1079
1081
1084
1084
1085
1087
1087
1089
1089
1090
1093
1095
1097
1102
1102
1102
1104
1104
1105
1105
1106
1106
1106
1107
1111
1112
1112
1114
1114
1115
1116
1116
1117
1117
1118
1119
1121
1121
1122
1122
1125
1125
1126
1126
1127
1127
1128
1128
1129
1129
1131
1132
1132
1133
1136
1137
1137
1137
1138
1138
1139
1139
1139
1142
1143
1143
1144
1144
1145
1146
1147
1147
1148
1149
1150
1152
1153
1156
1159
1159
1159
1160
1162
1165
1168
1168
1168
1169
1169
1172
1173
1174
1175
1177
1177
1178
1179
1179
1181
1184
1185
1185
1187
1188
1188
1190
1192
1192
1192
1192
1193
1193
1193
1194
1194
1196
1196
1197
1197
1198
1200
1207
1208
1212
1212
1214
1215
1216
1217
1218
1218
1218
1218
1222
1223
1223
1226
1229
1229
1230
1230
1230
1232
1232
1235
1236
1238
1239
1240
1242
1243
1244
1246
1247
1250
1253
1254
1256
1258
1258
1258
1258
1259
1261
1262
1263
1263
1266
1266
1267
1267
1267
1268
1268
1269
1270
1270
1270
1271
1271
1271
1271
1274
1275
1275
1277
1280
1281
1281
1281
1282
1283
1284
1284
1287
1288
1290
1291
1292
1292
1293
1294
1295
1296
1296
1297
1298
1299
1299
1300
1300
1302
1307
1307
1309
1310
1311
1311
1312
1313
1314
1314
1315
1316
1318
1318
1319
1320
1321
1321
1322
1323
1323
1323
1327
1327
1328
1328
1328
1329
1330
1331
1331
1331
1333
1333
1334
1336
1337
1338
1338
1338
1340
1341
1342
1344
1344
1344
1345
1349
1350
1350
1351
1352
1354
1354
1355
1355
1356
1357
1358
1359
1360
1362
1362
1363
1363
1363
1364
1364
1364
1365
1366
1367
1367
1368
1368
1369
1371
1372
1373
1374
1374
1375
1376
1376
1377
1378
1378
1379
1380
1380
1381
1382
1382
1383
1384
1384
1384
1385
1385
1387
1387
1387
1388
1389
1389
1391
1391
1392
1393
1393
1394
1396
1396
1397
1397
1397
1399
1399
1399
1400
1400
1400
1401
1402
1403
1403
1404
1405
1408
1409
1411
1411
1412
1412
1414
1415
1416
1417
1420
1420
1423
1423
1424
1424
1426
1426
1428
1428
1429
1430
1430
1432
1433
1434
1434
1434
1435
1437
1439
1440
1440
1441
1441
1443
1443
1443
1444
1445
1446
1446
1446
1447
1447
1447
1449
1449
1454
1455
1456
1456
1456
1456
1457
1457
1459
1460
1460
1463
1465
1466
1467
1467
1469
1470
1470
1472
1474
1476
1477
1477
1480
1483
1487
1491
1491
1492
1495
1495
1496
1498
1500
1503
1504
1505
1505
1505
1505
1506
1506
1507
1508
1512
1512
1512
1513
1514
1515
1518
1519
1520
1520
1520
1521
1522
1522
1523
1523
1524
1525
1525
1526
1527
1530
1531
1531
1533
1533
1533
1534
1535
1537
1538
1540
1540
1543
1543
1545
1545
1547
1548
1548
1548
1549
1550
1550
1550
1551
1553
1553
1554
1555
1555
1556
1556
1556
1558
1560
1563
1563
1563
1564
1564
1564
1564
1566
1566
1566
1566
1567
1568
1568
1569
1570
1572
1573
1573
1575
1576
1579
1579
1580
1580
1582
1582
1582
1583
1584
1584
1584
1586
1586
1589
1590
1590
1590
1591
1591
1594
1594
1597
1597
1597
1599
1599
1599
1600
1600
1604
1607
1607
1608
1608
1610
1611
1612
1613
1615
1615
1616
1617
1619
1622
1623
1623
1624
1625
1626
1627
1627
1627
1629
1629
1635
1635
1637
1638
1638
1639
1640
1641
1642
1643
1645
1646
1646
1647
1648
1650
1651
1652
1653
1654
1654
1656
1657
1658
1658
1659
1659
1660
1661
1662
1663
1664
1666
1666
1670
1670
1671
1673
1674
1674
1674
1675
1676
1676
1676
1678
1679
1681
1682
1683
1683
1684
1684
1685
1686
1686
1688
1690
1691
1692
1692
1694
1696
1698
1698
1701
1701
1702
1704
1706
1706
1708
1708
1709
1709
1710
1710
1711
1713
1713
1714
1716
1721
1722
1723
1725
1726
1728
1728
1730
1731
1731
1731
1731
1732
1732
1733
1733
1734
1734
1734
1734
1735
1737
1737
1738
1738
1739
1739
1742
1742
1743
1748
1748
1749
1750
1750
1751
1751
1752
1752
1755
1758
1759
1759
1760
1761
1762
1762
1763
1764
1766
1768
1771
1772
1774
1774
1775
1775
1775
1776
1778
1778
1779
1779
1783
1784
1784
1784
1785
1788
1791
1793
1794
1794
1796
1796
1799
1799
1800
1801
1801
1802
1803
1804
1805
1805
1806
1806
1807
1808
1809
1811
1811
1812
1812
1813
1815
1816
1818
1819
1822
1822
1824
1825
1826
1828
1828
1829
1829
1830
1832
1833
1834
1836
1837
1838
1838
1839
1839
1839
1840
1840
1840
1841
1841
1842
1845
1845
1845
1846
1846
1847
1847
1850
1850
1850
1851
1852
1854
1855
1855
1855
1855
1855
1858
1858
1860
1860
1861
1863
1869
1870
1871
1871
1871
1872
1872
1873
1873
1875
1875
1877
1879
1879
1883
1885
1886
1887
1888
1896
1897
1898
1899
1902
1904
1905
1905
1905
1911
1913
1913
1913
1914
1915
1916
1917
1917
1918
1922
1922
1923
1923
1923
1924
1925
1925
1931
1933
1935
1936
1936
1938
1938
1938
1939
1939
1941
1941
1942
1943
1944
1945
1948
1948
1948
1949
1950
1952
1954
1956
1957
1957
1958
1959
1959
1961
1961
1962
1962
1964
1965
1965
1965
1966
1966
1968
1968
1969
1969
1970
1971
1972
1973
1975
1975
1977
1982
1982
1985
1985
1985
1986
1986
1987
1990
1990
1990
1991
1991
1992
1996
1998
1998
1999
2003
2003
2003
2003
2003
2003
2005
2007
2010
2010
2010
2011
2012
2012
2013
2013
2014
2016
2018
2018
2018
2020
2020
2021
2023
2023
2023
2025
2025
2027
2027
2028
2028
2031
2032
2032
2032
2032
2034
2035
2035
2037
2039
2039
2041
2041
2041
2043
2045
2045
2046
2046
2047
2048
2049
2049
2050
2050
2051
2051
2052
2052
2052
2052
2054
2054
2054
2056
2058
2059
2060
2061
2061
2064
2064
2064
2064
2064
2065
2065
2065
2066
2066
2068
2069
2072
2073
2077
2081
2085
2087
2088
2090
2090
2091
2091
2091
2094
2094
2094
2095
2097
2098
2098
2099
2099
2101
2102
2102
2102
2103
2104
2104
2106
2107
2107
2109
2109
2109
2111
2112
2113
2113
2114
2115
2117
2117
2121
2125
2126
2127
2127
2131
2131
2134
2134
2135
2135
2135
2135
2136
2136
2138
2139
2139
2140
2141
2143
2144
2145
2146
2146
2147
2148
2149
2150
2151
2151
2152
2154
2154
2156
2156
2158
2158
2160
2161
2163
2164
2165
2166
2167
2169
2171
2173
2174
2174
2175
2176
2176
2177
2177
2180
2180
2180
2182
2183
2183
2184
2185
2186
2186
2187
2189
2189
2190
2191
2191
2191
2192
2194
2194
2196
2198
2199
2199
2201
2202
2202
2204
2205
2206
2208
2210
2210
2211
2212
2212
2213
2214
2214
2216
2216
2217
2218
2220
2221
2221
2221
2222
2223
2224
2225
2226
2227
2229
2231
2232
2234
2235
2236
2236
2239
2241
2242
2242
2246
2246
2247
2247
2248
2250
2251
2254
2254
2255
2256
2257
2258
2258
2259
2261
2261
2262
2265
2265
2268
2268
2269
2276
2276
2276
2276
2276
2277
2278
2278
2279
2280
2281
2281
2281
2281
2282
2285
2286
2287
2287
2288
2290
2290
2290
2292
2292
2292
2293
2293
2293
2294
2298
2299
2300
2300
2300
2301
2303
2306
2306
2311
2311
2312
2314
2314
2314
2317
2318
2318
2319
2319
2319
2323
2325
2325
2325
2326
2326
2329
2331
2331
2332
2333
2335
2335
2338
2342
2342
2343
2343
2346
2346
2346
2346
2347
2349
2350
2350
2351
2351
2355
2356
2356
2357
2357
2357
2358
2358
2358
2359
2359
2360
2361
2361
2362
2363
2363
2365
2365
2365
2365
2365
2367
2367
2368
2369
2369
2370
2371
2371
2371
2371
2373
2374
2375
2376
2377
2378
2380
2382
2382
2383
2385
2387
2387
2388
2390
2393
2393
2394
2396
2398
2399
2400
2400
2402
2402
2403
2404
2406
2407
2409
2409
2409
2410
2411
2412
2413
2415
2415
2415
2415
2415
2416
2416
2417
2419
2419
2423
2425
2425
2425
2427
2429
2430
2431
2431
2433
2433
2435
2435
2436
2436
2438
2438
2438
2439
2439
2440
2441
2441
2442
2442
2443
2444
2444
2444
2445
2445
2446
2447
2450
2450
2453
2453
2456
2457
2458
2459
2459
2461
2463
2465
2465
2466
2466
2466
2468
2469
2469
2470
2471
2471
2471
2477
2477
2479
2480
2482
2482
2485
2485
2486
2486
2486
2487
2488
2488
2488
2488
2488
2488
2488
2493
2494
2494
2495
2497
2499
2499
2500
2500
2501
2501
2501
2501
2502
2503
2505
2508
2509
2509
2510
2510
2512
2512
2513
2514
2517
2520
2521
2522
2525
2526
2530
2530
2531
2532
2533
2533
2535
2535
2536
2537
2539
2539
2540
2540
2543
2543
2544
2545
2546
2548
2548
2549
2550
2552
2553
2553
2554
2555
2555
2556
2559
2559
2560
2560
2560
2565
2566
2566
2567
2567
2570
2570
2571
2573
2573
2574
2575
2577
2577
2577
2578
2578
2580
2580
2581
2581
2581
2583
2584
2588
2588
2588
2589
2589
2590
2590
2591
2591
2591
2595
2595
2595
2596
2598
2598
2599
2600
2601
2601
2602
2602
2605
2606
2607
2609
2610
2611
2611
2611
2612
2613
2614
2614
2617
2617
2617
2617
2618
2619
2619
2620
2621
2621
2621
2621
2622
2622
2623
2623
2624
2624
2625
2625
2626
2626
2626
2627
2627
2627
2629
2631
2631
2631
2632
2633
2634
2634
2635
2635
2635
2636
2636
2636
2637
2638
2642
2643
2644
2646
2648
2648
2649
2651
2652
2654
2654
2654
2657
2658
2660
2661
2661
2662
2663
2664
2664
2665
2667
2668
2669
2670
2671
2673
2674
2675
2675
2675
2678
2679
2680
2681
2682
2682
2682
2682
2683
2683
2685
2686
2687
2687
2688
2688
2688
2689
2689
2690
2692
2695
2695
2695
2696
2696
2697
2698
2698
2698
2698
2700
2701
2701
2701
2702
2703
2703
2704
2705
2706
2707
2709
2709
2710
2711
2712
2712
2713
2714
2715
2719
2719
2719
2720
2720
2721
2721
2721
2722
2723
2723
2726
2726
2726
2727
2727
2729
2729
2731
2732
2732
2732
2732
2733
2734
2736
2737
2738
2739
2739
2739
2741
2741
2741
2741
2742
2743
2743
2744
2746
2749
2749
2749
2749
2751
2753
2755
2756
2757
2758
2758
2758
2759
2761
2761
2761
2763
2768
2771
2772
2775
2775
2777
2779
2779
2780
2781
2781
2783
2784
2785
2789
2791
2792
2792
2792
2794
2795
2796
2797
2798
2798
2799
2801
2803
2803
2804
2805
2807
2809
2809
2810
2810
2811
2814
2814
2816
2817
2819
2819
2820
2822
2824
2826
2827
2828
2828
2831
2832
2832
2832
2833
2833
2833
2833
2834
2835
2836
2836
2840
2840
2840
2841
2844
2845
2847
2847
2848
2849
2849
2849
2850
2851
2851
2851
2852
2854
2857
2858
2860
2860
2861
2862
2862
2862
2863
2865
2870
2870
2870
2871
2871
2872
2872
2873
2874
2878
2879
2879
2880
2881
2882
2882
2884
2885
2885
2885
2886
2886
2888
2888
2889
2889
2890
2892
2892
2895
2896
2897
2900
2901
2901
2903
2904
2905
2906
2907
2910
2911
2911
2912
2912
2915
2915
2916
2916
2917
2917
2918
2919
2921
2922
2922
2923
2923
2924
2929
2929
2930
2930
2932
2933
2936
2937
2938
2939
2939
2941
2943
2945
2946
2947
2947
2948
2948
2949
2951
2951
2954
2954
2954
2956
2956
2956
2958
2958
2959
2962
2963
2963
2964
2965
2966
2968
2968
2969
2970
2972
2972
2973
2974
2978
2978
2978
2979
2979
2981
2981
2982
2986
2989
2990
2992
2992
2993
2994
2994
2994
2996
2997
2998
2998
3000
3000
3002
3002
3004
3004
3005
3005
3005
3008
3011
3012
3013
3013
3016
3016
3016
3017
3017
3017
3017
3017
3019
3019
3019
3020
3022
3023
3024
3026
3028
3030
3030
3032
3033
3033
3033
3034
3035
3035
3036
3038
3038
3039
3039
3040
3040
3042
3042
3043
3044
3044
3045
3046
3047
3048
3049
3052
3054
3057
3062
3062
3062
3064
3065
3065
3065
3068
3075
3075
3075
3077
3078
3080
3080
3082
3082
3088
3088
3090
3090
3091
3092
3092
3093
3094
3095
3096
3096
3096
3099
3099
3100
3103
3103
3104
3104
3105
3105
3105
3108
3108
3109
3109
3110
3111
3112
3113
3114
3114
3116
3117
3118
3120
3122
3123
3123
3123
3124
3124
3124
3125
3125
3126
3127
3128
3128
3128
3132
3133
3133
3133
3133
3134
3135
3135
3137
3137
3137
3138
3138
3139
3141
3141
3144
3144
3146
3148
3148
3148
3148
3149
3149
3149
3151
3151
3151
3152
3154
3154
3155
3156
3156
3157
3158
3159
3161
3162
3163
3166
3166
3167
3167
3169
3170
3171
3172
3175
3176
3177
3178
3180
3180
3182
3182
3182
3184
3185
3185
3186
3187
3188
3189
3191
3192
3192
3195
3196
3196
3196
3198
3199
3199
3199
3200
3200
3202
3202
3203
3203
3204
3204
3204
3204
3205
3209
3209
3210
3211
3212
3212
3213
3215
3216
3216
3217
3219
3221
3222
3222
3228
3231
3231
3231
3232
3235
3236
3236
3237
3237
3237
3240
3242
3242
3244
3245
3246
3248
3248
3249
3250
3251
3257
3258
3260
3263
3263
3265
3266
3267
3269
3271
3271
3272
3272
3273
3273
3275
3275
3276
3278
3278
3280
3280
3280
3281
3281
3282
3283
3283
3286
3287
3288
3289
3290
3290
3291
3291
3292
3292
3293
3293
3293
3295
3296
3296
3297
3298
3298
3300
3300
3300
3301
3301
3302
3303
3303
3307
3308
3308
3310
3311
3312
3314
3315
3319
3319
3320
3320
3320
3320
3322
3325
3329
3330
3330
3330
3332
3333
3334
3337
3338
3338
3340
3340
3341
3342
3342
3343
3344
3348
3349
3349
3349
3350
3351
3351
3353
3353
3354
3355
3355
3355
3356
3356
3356
3357
3357
3357
3357
3357
3358
3360
3361
3362
3362
3364
3365
3365
3366
3367
3368
3369
3372
3373
3373
3374
3375
3375
3375
3376
3377
3377
3377
3378
3379
3382
3383
3384
3384
3386
3387
3389
3390
3391
3392
3392
3392
3393
3393
3398
3400
3400
3402
3402
3403
3403
3404
3404
3405
3407
3414
3415
3418
3422
3422
3423
3424
3424
3425
3426
3426
3427
3427
3430
3431
3431
3432
3432
3433
3433
3434
3434
3435
3435
3435
3437
3438
3440
3443
3443
3445
3445
3446
3447
3447
3448
3448
3451
3453
3454
3454
3454
3454
3456
3458
3460
3462
3462
3462
3462
3462
3463
3465
3465
3466
3467
3468
3468
3469
3469
3472
3474
3474
3474
3474
3475
3476
3477
3478
3478
3478
3481
3482
3482
3482
3482
3485
3485
3485
3486
3488
3488
3489
3492
3492
3493
3493
3495
3497
3499
3499
3500
3500
3501
3501
3503
3503
3505
3508
3510
3510
3512
3512
3517
3517
3520
3521
3522
3524
3524
3525
3526
3527
3527
3528
3528
3528
3529
3529
3531
3531
3532
3533
3533
3534
3535
3535
3536
3536
3538
3539
3539
3539
3540
3541
3541
3541
3542
3542
3543
3545
3547
3547
3548
3549
3550
3551
3553
3554
3555
3556
3558
3561
3563
3563
3563
3564
3564
3565
3566
3567
3568
3568
3569
3573
3573
3573
3574
3574
3575
3576
3576
3577
3577
3579
3580
3580
3580
3580
3581
3582
3582
3582
3583
3583
3585
3587
3588
3589
3590
3596
3596
3599
3599
3600
3600
3601
3601
3602
3603
3605
3606
3606
3609
3609
3610
3612
3612
3614
3615
3616
3616
3617
3620
3620
3621
3623
3625
3627
3629
3629
3630
3632
3634
3634
3635
3635
3636
3638
3639
3642
3644
3646
3646
3649
3650
3650
3653
3655
3657
3657
3657
3658
3661
3661
3661
3663
3665
3665
3665
3666
3666
3667
3667
3667
3670
3671
3672
3676
3676
3678
3678
3678
3679
3680
3681
3681
3681
3681
3682
3682
3686
3686
3687
3690
3692
3693
3694
3694
3694
3696
3698
3700
3700
3700
3702
3703
3703
3703
3705
3709
3709
3710
3712
3713
3713
3713
3714
3715
3716
3716
3718
3718
3720
3722
3722
3722
3723
3725
3725
3726
3729
3732
3733
3733
3734
3735
3736
3737
3739
3739
3740
3743
3744
3744
3747
3747
3748
3748
3749
3750
3751
3752
3753
3753
3755
3755
3756
3757
3758
3758
3759
3759
3759
3760
3761
3763
3764
3766
3766
3767
3767
3767
3769
3769
3770
3770
3773
3774
3775
3775
3776
3776
3778
3778
3780
3780
3782
3784
3784
3785
3786
3786
3787
3788
3790
3791
3791
3791
3792
3792
3793
3794
3797
3798
3800
3801
3801
3801
3801
3802
3802
3803
3804
3805
3805
3805
3807
3807
3810
3811
3813
3814
3815
3817
3818
3819
3820
3822
3826
3827
3829
3830
3830
3831
3832
3833
3838
3838
3840
3842
3843
3846
3847
3847
3849
3850
3850
3851
3853
3853
3854
3854
3855
3855
3858
3859
3860
3862
3862
3865
3865
3866
3867
3869
3869
3870
3870
3870
3871
3872
3873
3873
3873
3873
3874
3874
3874
3874
3875
3876
3877
3879
3879
3880
3880
3882
3882
3883
3884
3885
3886
3886
3887
3889
3890
3892
3893
3894
3895
3896
3897
3898
3899
3900
3903
3903
3904
3907
3909
3910
3911
3913
3914
3916
3916
3916
3917
3920
3920
3921
3922
3922
3923
3925
3927
3927
3928
3929
3929
3932
3933
3934
3936
3937
3937
3938
3939
3939
3941
3944
3944
3944
3945
3946
3948
3949
3950
3951
3952
3953
3953
3957
3958
3958
3960
3960
3961
3963
3966
3967
3968
3969
3969
3971
3971
3974
3975
3976
3977
3979
3980
3982
3983
3983
3985
3985
3987
3987
3988
3990
3990
3990
3993
3993
3994
3994
3995
3996
3998
3998
3998
4002
4005
4005
4006
4006
4006
4007
4007
4008
4008
4009
4011
4012
4013
4013
4013
4013
4015
4016
4016
4017
4017
4020
4021
4022
4024
4027
4027
4027
4027
4027
4028
4028
4029
4030
4031
4031
4032
4033
4033
4034
4034
4035
4036
4036
4036
4036
4039
4039
4041
4043
4044
4045
4047
4047
4048
4050
4050
4052
4053
4053
4053
4053
4054
4056
4057
4058
4058
4059
4060
4063
4065
4065
4065
4068
4069
4069
4070
4071
4072
4073
4074
4074
4075
4075
4075
4075
4077
4077
4079
4079
4081
4082
4084
4086
4087
4089
4090
4092
4092
4092
4095
4095
4096
4097
4098
4098
4101
4102
4105
4106
4106
4107
4107
4108
4109
4109
4112
4113
4113
4113
4114
4114
4117
4119
4122
4124
4130
4132
4133
4133
4133
4134
4134
4134
4134
4138
4139
4139
4140
4140
4140
4140
4140
4141
4141
4141
4142
4142
4143
4145
4145
4146
4147
4147
4147
4149
4150
4150
4150
4150
4151
4152
4152
4153
4154
4155
4155
4156
4157
4159
4161
4162
4162
4163
4164
4165
4166
4166
4167
4168
4170
4170
4170
4171
4172
4172
4174
4176
4176
4177
4181
4182
4182
4183
4183
4184
4184
4185
4186
4188
4188
4190
4190
4192
4192
4192
4192
4193
4195
4198
4198
4199
4199
4201
4202
4202
4202
4203
4203
4205
4205
4206
4207
4207
4210
4212
4212
4213
4214
4214
4216
4217
4219
4221
4222
4223
4224
4225
4228
4228
4228
4229
4231
4232
4232
4234
4234
4235
4235
4237
4239
4242
4243
4244
4244
4246
4246
4248
4249
4251
4254
4254
4255
4257
4257
4265
4265
4266
4266
4266
4267
4267
4268
4268
4269
4270
4270
4271
4271
4271
4271
4272
4273
4274
4274
4276
4277
4279
4279
4281
4282
4285
4286
4288
4288
4288
4288
4289
4289
4290
4291
4291
4291
4296
4296
4297
4298
4298
4299
4299
4300
4300
4301
4302
4302
4303
4305
4305
4307
4309
4311
4312
4315
4317
4317
4318
4319
4319
4320
4320
4322
4322
4322
4322
4322
4322
4323
4323
4324
4324
4324
4326
4326
4327
4329
4329
4329
4330
4330
4331
4331
4331
4332
4333
4334
4334
4335
4335
4335
4338
4338
4342
4344
4345
4349
4351
4352
4352
4354
4356
4357
4358
4359
4359
4361
4362
4362
4362
4363
4364
4364
4365
4365
4365
4365
4368
4368
4368
4370
4373
4376
4376
4378
4380
4383
4383
4387
4387
4388
4388
4388
4388
4388
4389
4390
4391
4391
4393
4394
4395
4395
4396
4396
4397
4398
4400
4400
4403
4404
4406
4406
4408
4408
4413
4413
4416
4417
4419
4421
4422
4424
4424
4425
4425
4427
4427
4429
4431
4431
4432
4433
4433
4433
4433
4434
4434
4435
4435
4435
4438
4440
4442
4443
4443
4444
4445
4445
4445
4446
4446
4447
4449
4450
4455
4456
4457
4458
4460
4461
4461
4462
4462
4463
4463
4464
4466
4466
4467
4471
4472
4472
4473
4476
4477
4479
4479
4480
4483
4484
4484
4484
4484
4485
4485
4487
4488
4490
4490
4490
4491
4491
4492
4493
4494
4494
4494
4495
4496
4498
4498
4498
4500
4502
4502
4502
4502
4503
4503
4503
4503
4505
4505
4506
4506
4506
4507
4507
4508
4510
4510
4511
4511
4514
4516
4516
4517
4522
4524
4526
4529
4530
4531
4531
4532
4532
4533
4534
4536
4537
4537
4539
4541
4542
4542
4544
4545
4545
4545
4546
4549
4550
4551
4553
4554
4555
4559
4559
4559
4560
4561
4562
4562
4562
4566
4568
4568
4569
4570
4570
4571
4572
4574
4574
4574
4575
4576
4577
4578
4580
4581
4584
4584
4585
4586
4587
4587
4587
4589
4590
4591
4594
4594
4595
4600
4601
4601
4601
4602
4604
4605
4605
4606
4607
4608
4610
4610
4610
4612
4613
4616
4616
4618
4619
4621
4621
4622
4623
4625
4626
4627
4627
4628
4630
4632
4634
4634
4635
4636
4636
4637
4638
4641
4642
4647
4649
4650
4654
4654
4655
4656
4656
4658
4661
4662
4662
4663
4663
4663
4663
4664
4665
4665
4666
4670
4671
4671
4671
4672
4672
4672
4673
4674
4675
4677
4678
4680
4680
4680
4682
4682
4683
4685
4686
4686
4687
4688
4688
4688
4688
4688
4689
4689
4690
4692
4693
4693
4695
4696
4698
4698
4699
4699
4700
4700
4701
4702
4704
4708
4708
4708
4710
4710
4711
4712
4715
4717
4717
4718
4719
4719
4722
4722
4723
4727
4730
4730
4732
4732
4734
4737
4737
4739
4739
4742
4744
4746
4746
4747
4748
4749
4749
4750
4750
4751
4752
4753
4755
4756
4758
4760
4762
4763
4763
4766
4767
4767
4769
4769
4771
4773
4773
4774
4775
4776
4776
4776
4776
4777
4777
4778
4778
4779
4779
4780
4781
4781
4783
4784
4787
4787
4788
4789
4791
4792
4793
4793
4796
4799
4799
4800
4800
4803
4804
4806
4806
4807
4811
4812
4812
4813
4813
4816
4817
4817
4820
4822
4824
4826
4828
4831
4831
4832
4832
4833
4833
4834
4834
4835
4835
4835
4835
4836
4837
4838
4838
4843
4844
4847
4849
4850
4850
4851
4852
4854
4855
4858
4858
4858
4858
4859
4859
4865
4865
4865
4867
4868
4868
4874
4874
4877
4878
4878
4878
4878
4880
4881
4882
4882
4885
4885
4886
4886
4889
4890
4890
4892
4893
4894
4896
4896
4897
4897
4898
4899
4899
4899
4900
4900
4900
4902
4907
4907
4909
4911
4912
4912
4914
4914
4916
4918
4920
4924
4926
4926
4926
4929
4931
4931
4932
4932
4932
4934
4934
4934
4935
4937
4937
4938
4939
4940
4941
4942
4943
4944
4944
4944
4946
4946
4947
4948
4948
4948
4948
4949
4949
4950
4952
4954
4954
4954
4954
4958
4958
4958
4959
4959
4960
4961
4962
4962
4963
4964
4965
4966
4967
4967
4969
4970
4971
4971
4977
4977
4978
4978
4979
4979
4979
4980
4980
4981
4981
4981
4982
4982
4983
4983
4984
4986
4987
4987
4989
4992
4993
4993
4994
4994
4994
4995
4996
4998
4999
