0
0
0
2
3
4
6
8
14
14
16
18
19
23
25
25
26
27
27
28
29
29
29
30
30
31
32
32
32
33
35
35
40
40
40
41
41
43
43
44
45
46
46
49
51
51
52
54
55
57
57
59
61
62
63
65
65
67
67
68
68
69
69
71
72
72
73
73
74
74
74
76
76
78
78
78
79
81
81
84
85
86
87
87
88
91
92
92
93
94
95
95
97
98
101
106
109
109
110
111
111
112
113
114
116
118
118
119
119
119
119
121
122
124
126
128
128
128
128
129
130
131
131
132
132
134
134
135
136
139
141
145
147
149
151
151
152
153
153
156
156
159
159
160
161
164
166
167
167
169
170
171
174
175
176
177
180
181
182
184
187
189
189
189
190
192
194
194
195
197
199
199
199
199
200
203
203
204
204
204
206
206
208
209
209
210
212
212
215
219
219
221
222
223
223
223
225
226
227
228
229
230
231
231
233
234
234
235
236
237
238
238
238
239
240
240
241
241
245
247
248
248
249
250
252
253
254
256
259
259
259
261
262
262
263
264
264
264
267
268
270
272
273
273
275
277
278
278
280
281
282
285
287
289
290
290
291
291
292
292
293
294
294
295
296
296
297
302
302
303
303
304
304
304
305
305
307
309
309
312
312
313
314
314
316
318
322
322
324
325
325
326
327
328
331
331
331
331
332
333
335
336
336
337
340
343
344
345
347
347
348
348
349
349
349
350
350
351
351
354
354
355
355
355
357
358
359
360
361
361
362
365
365
365
367
368
368
369
369
369
369
371
371
372
375
375
376
376
376
377
379
379
379
382
382
382
383
384
386
386
386
386
388
389
389
389
391
392
393
393
395
395
395
396
397
398
398
398
399
399
400
401
401
402
402
404
407
407
407
408
411
411
411
412
412
413
413
414
415
417
421
421
422
423
424
425
426
426
427
429
430
430
430
432
433
434
435
435
435
436
437
437
437
437
438
438
439
439
439
441
444
444
444
446
447
450
452
452
453
453
453
454
454
454
455
457
457
458
458
459
459
460
461
463
464
465
465
465
467
467
468
468
469
472
472
472
473
475
476
477
477
478
480
482
482
483
483
485
485
486
486
486
488
489
489
490
490
490
491
492
493
493
493
494
495
496
497
498
499
499
