452
354
169
72
30
376
92
203
493
336
19
65
460
392
67
184
250
287
194
415
482
273
369
485
277
296
261
396
395
369
345
326
483
72
348
2
337
454
167
492
134
340
362
31
119
281
324
348
327
69
376
23
63
78
436
289
375
145
109
29
275
57
6
477
331
359
174
134
465
177
259
465
458
386
85
208
40
109
268
231
435
46
412
92
206
118
27
35
389
14
401
200
349
101
367
151
296
331
236
468
264
351
54
424
151
427
350
369
278
399
240
411
490
199
365
189
411
65
438
441
444
131
95
132
423
43
305
78
355
393
430
170
240
402
499
159
468
57
226
141
16
68
450
231
453
94
388
495
322
249
490
237
27
452
407
313
247
161
25
79
331
292
303
365
171
379
270
444
114
98
32
209
400
128
192
371
160
494
41
425
30
0
433
421
294
33
358
349
139
128
26
95
393
432
76
199
194
458
439
229
347
438
446
32
8
467
401
259
430
304
384
252
121
203
421
347
302
379
152
225
129
483
136
412
328
318
437
180
273
282
486
176
435
59
469
395
189
365
325
167
87
46
332
488
386
14
377
457
262
493
81
248
74
444
355
272
256
457
182
407
164
372
312
335
413
447
368
234
239
437
84
55
439
131
285
116
76
189
245
29
411
408
0
455
426
493
467
389
454
361
74
357
475
476
331
128
233
25
0
124
86
464
206
379
44
391
465
32
52
175
361
126
68
119
386
489
461
291
204
429
486
430
29
397
422
118
241
473
480
417
437
106
414
350
128
91
463
386
482
389
187
18
130
259
197
238
407
235
395
254
51
302
278
305
209
248
477
498
253
437
181
336
262
223
459
355
40
195
314
349
212
147
219
376
62
210
159
369
222
312
472
41
190
122
156
45
4
398
119
199
295
472
61
49
472
491
485
478
204
51
156
351
497
325
241
97
215
402
73
292
264
382
368
238
371
35
40
166
230
238
314
434
499
149
219
88
43
435
375
153
87
291
78
333
307
112
113
223
360
383
264
316
132
309
398
67
453
399
81
228
293
304
404
3
486
490
343
110
454
459
111
382
489
223
71
73
426
227
303
280
69
28
111
344
119
354
304
413
297
93
263
204
234
221
439
290
398
294
74
309
382
322
267
153
290
496
135
453
212
199
