1363
1443
3921
4677
2277
3300
3646
4682
4031
1218
790
2924
2064
3718
1423
488
4954
901
746
3418
4994
1548
2525
107
4354
4107
2373
1469
3465
665
1624
4047
1376
2037
3232
3128
733
2300
4756
4033
2804
3075
960
3580
1985
2874
2221
3563
4787
3467
3748
3022
146
719
1547
4621
1449
3004
130
230
2247
1300
4383
851
2103
3372
525
2627
183
2399
1331
1075
3485
367
3993
4689
1685
760
3342
1917
2992
4153
3117
4980
1759
2535
4373
3875
4229
600
2703
4300
194
3889
1299
4400
4491
1877
1411
1193
2023
3354
1393
715
3141
3265
3068
3583
3521
3466
102
458
2013
522
585
1296
3092
3202
4831
1393
3850
853
2929
3702
4119
4349
743
2499
4170
907
1374
2064
4362
953
2696
4021
3296
406
3574
3985
1184
2981
2112
1935
567
3474
4868
454
4934
3939
2741
2596
4732
342
2043
854
4994
4941
160
886
4359
2010
323
994
4948
2840
901
2445
3338
2145
2385
1684
3847
1142
1345
2471
1784
398
3251
4329
4320
2509
4642
1342
3975
4224
889
785
2158
3099
4954
3447
4574
2247
181
2227
320
323
1428
1799
2343
3910
2811
2779
226
2919
133
4134
3469
2049
3217
2126
2407
294
604
4157
4007
3726
2704
2402
3231
796
393
897
3019
1965
1144
1457
971
694
2617
231
579
2290
3375
388
1811
1429
544
3376
4843
2687
4859
2065
1839
4024
1229
588
3680
3236
2946
1558
2346
2196
4577
2072
714
2281
1513
4205
4616
4717
4335
3378
2258
1752
3210
3105
2785
2276
3693
1505
1748
293
4811
4965
434
3472
2634
303
2726
3807
1525
3953
27
1839
237
1400
3774
2606
4835
2150
2107
4092
596
3794
2840
4101
3454
2742
4502
1503
4490
1029
4165
3687
2599
2471
4911
3802
2438
506
4661
1379
4365
1463
3149
2880
843
1270
3909
4641
1850
1214
234
1382
4506
397
825
3564
3505
2065
4494
52
4553
2681
4203
4319
3634
1354
4440
3874
2911
4962
4273
3178
1549
1139
3437
2749
2828
1524
2882
2357
410
1250
3510
3569
2637
4886
449
1377
2863
1387
4510
1950
3271
71
4376
4435
3273
1796
721
564
1887
2929
4630
602
4272
3577
94
4265
2951
3320
3433
3854
1424
1550
3678
767
4027
3177
3460
593
2698
51
2658
3880
3791
4621
1498
847
3343
4166
599
516
3547
3893
4896
2695
133
1127
29
2415
951
645
2278
3393
70
3477
2371
462
350
1523
2614
3623
4096
4587
2293
376
4575
414
2611
2374
2968
1143
4654
894
2094
4777
3739
1388
3293
3703
861
4708
983
255
101
2465
3043
4748
2444
1776
1267
3582
1139
2584
2236
3520
2715
1328
2513
4734
185
2900
1456
3729
2521
398
2870
3489
4771
2469
4214
3094
1651
3533
940
4682
4034
634
648
1774
1387
794
4998
4480
3920
4799
3195
4806
4850
941
4442
825
1646
4854
1708
2201
3245
2111
3661
4545
3933
2367
1147
2575
4395
2220
2554
3786
4834
2713
347
952
2180
512
3123
3387
2351
4216
3575
848
4139
1299
222
4036
1288
2895
1758
4074
3301
2303
3576
4541
3627
3773
3896
3663
128
2046
1965
3308
727
2466
4207
3422
3540
2654
2502
1053
3621
3392
3166
4675
3020
2910
560
3833
2994
1676
4013
1586
1822
4832
1987
1594
4490
2212
1106
474
4574
767
256
2499
3126
4536
624
2012
1518
3712
474
3433
550
3810
4484
1522
2369
1626
2757
2446
3855
160
314
3082
1323
1512
34
1923
3630
910
4532
4739
1794
739
3512
2938
2251
4663
3075
3005
4279
4202
292
4324
3967
4755
339
634
3877
4299
2545
4246
501
4071
779
3801
3337
4425
1384
4867
1316
674
1178
3151
744
2094
1897
1711
1378
1363
4483
2261
931
4847
2256
1520
1586
1590
1129
2471
2885
2293
2088
533
367
2198
99
2849
899
2312
962
4232
4134
4946
1192
2530
2539
627
2439
2654
1128
4417
3212
2234
4885
165
3601
4147
1725
1647
961
4781
2956
3196
4894
879
1625
416
4494
3759
4590
801
2396
2117
1194
3114
4035
3671
4151
208
4358
2497
3599
4949
1434
2798
1682
198
2741
2567
2978
3451
2559
3135
4967
387
1070
2169
759
2682
1137
1654
3541
4944
4914
2191
4498
3342
4462
4907
641
1784
2281
3605
4788
4610
3362
4742
525
1136
4142
4594
4270
4750
2488
2626
4826
4048
3550
141
2852
687
3759
4803
125
881
3960
4632
1012
4307
966
161
2469
2726
1061
3903
1852
692
4503
845
4746
3133
1081
1447
4926
4570
1911
4969
296
1373
2768
4449
62
3187
3308
4266
4073
2231
3425
3222
2954
925
1197
3199
1750
3311
3478
282
3649
3303
653
4488
3278
3778
2809
1362
3349
2325
3488
825
4029
2695
1089
1344
504
2643
3028
222
2982
4672
2138
1396
3434
4391
1737
2183
2649
3536
3600
962
3432
4288
3985
2739
4701
2947
3116
1728
4654
4587
4472
1990
3534
51
2444
2990
3846
1122
3716
2620
2784
1999
4671
317
1254
4045
3493
429
4897
4235
2214
1331
630
4027
1982
1025
3242
2356
1948
1443
3927
263
3922
4467
3295
3539
1590
3463
4332
277
1791
1336
2714
4559
52
1991
3356
3011
3614
1654
915
965
85
1033
1253
4291
4824
1879
4114
1913
4502
1809
594
333
306
749
2347
1356
3300
3263
382
583
3209
3357
1600
3638
2500
2094
4006
2958
4510
3582
1594
706
2465
4944
3755
1964
1971
2025
3913
1710
2174
61
4781
4914
516
3512
894
4098
1168
3219
2032
3300
4655
3128
127
4150
1957
3124
2698
2634
2099
641
2851
4566
2246
933
4730
4763
4492
2186
1961
1759
1232
1307
315
4601
4141
815
3325
3553
3934
3661
4670
345
4627
325
235
3292
1505
3887
555
4170
1969
3666
2729
2365
3960
1914
4792
2003
3886
2127
1465
3720
519
3111
935
4958
3872
2719
2028
1300
604
1771
1836
4177
996
2679
4959
1148
1476
513
1389
866
2186
1806
3865
514
1954
2805
3752
480
3005
4228
4435
4836
4584
365
175
1638
633
4812
1662
1801
372
1768
2966
3713
1555
291
3776
3602
4636
1520
4787
39
2556
1560
2727
2723
3753
4193
2325
4047
230
3236
75
753
2727
4569
3366
1477
2956
4505
2064
1514
1355
1512
1145
3492
110
1749
2849
1266
4267
2239
331
3700
2810
2486
3398
1162
4201
4427
1389
59
1275
500
1942
2425
1584
3400
1968
445
262
3427
661
877
3589
1543
3095
4279
688
4568
247
3008
1046
2746
2488
1597
3192
1793
434
997
70
717
1275
3297
3315
2488
4912
841
1871
1573
1913
2173
386
2046
4338
420
4069
3642
3237
4749
3093
2849
245
1031
4833
2054
158
1551
1683
1152
3968
2670
3692
4604
1986
276
2135
3379
4036
21
2719
2404
1564
1150
4124
1333
2290
4213
1065
2771
391
4890
3353
1956
2192
429
4176
669
3377
4981
910
621
3348
2018
2998
1845
1440
4680
4445
1538
4686
121
173
2833
863
30
3209
4365
3330
1218
59
4896
4082
4267
3873
4
2387
3525
2495
4549
4133
1084
3869
1013
857
1381
1401
4899
1104
1426
4032
3577
939
1521
1925
1160
1029
3369
1116
4962
4053
1144
3840
1420
1192
643
2816
3134
2003
986
4937
2416
4878
4719
1349
2979
3971
2595
2857
2010
606
3606
2660
539
3767
777
803
5
2338
4769
545
4503
1584
507
2052
3427
3574
2398
1563
4886
4907
3545
4899
700
3320
1722
4793
1412
2567
576
1641
1310
22
3062
1173
2621
3005
389
3426
909
4626
2109
3732
249
2182
2775
3538
4561
2361
4673
1268
2191
3568
207
3105
3853
1391
1042
4109
1036
1681
4192
2311
2331
3148
3033
3040
1010
4666
2601
575
3874
49
2510
1194
484
2948
1840
1671
3170
1875
2415
1553
3454
526
3694
4054
2565
2663
2947
3749
4199
3148
1375
3149
2005
4268
2936
1344
432
953
3904
3950
3554
2627
3770
190
3995
4926
105
2600
2555
1193
269
3957
1078
4296
2923
1384
1553
2180
1351
366
672
93
3817
3320
1441
3609
233
1329
2992
1159
872
1403
1192
4508
3517
3916
1659
2543
720
534
4254
2064
4494
509
2972
1122
3658
3017
238
3386
3980
219
4244
423
1313
3916
1650
2241
4559
3280
2329
1615
2915
3690
4152
3737
353
2993
3432
1619
1311
4072
2553
3122
3895
1652
2020
1825
1599
2678
1102
1525
2590
1808
4150
4807
2581
3780
868
2951
1095
2712
2981
3414
2039
1046
3503
4964
37
1456
557
2359
4572
2792
3375
61
1019
1582
4122
3017
2709
2803
2431
1841
1968
3665
3987
3784
1127
1805
955
3272
1212
901
1137
4999
3854
1692
4183
1666
2690
4637
1295
2799
3049
4484
4396
4796
70
2943
553
1117
162
979
3596
3434
1702
3723
3831
4359
3004
892
3091
3542
59
4612
2368
3879
4365
3272
2286
2783
2758
884
4289
350
2675
3462
493
3698
4149
3524
3486
866
2577
4139
258
3733
3485
2081
245
2896
1097
4322
2016
358
1143
4271
2904
1449
4368
1350
4918
4791
3237
1242
328
2041
4966
1402
4052
1309
1627
2591
2588
1507
4693
1815
763
2268
4424
4408
1258
3030
2104
2326
3751
3172
4892
3644
2202
4234
843
3137
421
1567
1290
4322
3632
963
255
2382
3735
1223
1597
839
2488
2060
1764
667
1924
1548
484
90
3818
3125
2358
3882
4562
4108
695
4303
2997
3646
1218
2206
222
3609
3017
1840
4237
1009
2832
20
2688
4758
62
1597
1446
2915
840
907
4234
2921
804
3725
808
1322
927
2772
175
394
3859
3890
1691
1216
3017
321
1454
3298
3382
2049
1258
2406
237
4777
2509
4493
3722
255
2114
1505
1190
2106
104
200
4036
4188
417
665
3718
3870
409
11
3221
539
945
2884
3267
1734
4447
455
2998
2480
3196
4063
4460
3761
4769
1944
3558
480
4039
4317
3090
1846
602
2739
3393
3804
1545
2357
4057
4628
820
4545
560
3373
3842
519
3422
2177
583
4338
4533
585
3582
3599
1872
3392
2881
4298
1133
2164
2314
2433
4800
1041
4804
2632
3046
911
211
3026
2907
1676
1125
3377
1608
1333
243
2493
2964
4909
3944
4192
2862
3280
3797
2835
1428
1873
175
3801
2276
3064
4318
2185
4140
3871
3458
409
1071
1307
3636
3357
31
3672
3862
4255
3330
510
2552
2025
3123
1055
4400
1102
2141
1146
2989
2318
662
4114
3320
792
3606
1215
4496
1114
3914
3446
801
2692
4281
2548
576
858
2099
1990
661
3312
497
3860
836
3104
213
1459
4898
4462
2439
178
978
4013
3176
917
3713
3987
3199
4285
4396
2135
1806
1784
275
2403
3120
4012
554
628
4961
1575
220
118
3258
2003
1957
2413
4087
2013
1002
1526
175
3196
3391
1676
1104
3454
149
230
3156
3222
3573
853
3716
4466
3686
804
4799
4297
3407
2152
2342
1658
4305
1775
4688
4767
748
2485
269
1321
4365
81
4473
2045
4784
1686
136
3235
2712
2021
1840
2559
1168
2840
4271
4192
325
4105
2978
3958
554
4625
1534
2450
1271
4205
407
581
3456
3563
3547
3722
1013
2570
4618
1615
219
1975
3445
182
3758
4924
2488
1643
2809
4059
3485
4006
3588
424
149
1936
1049
4532
4022
1690
2731
2614
4940
4312
2683
3988
3493
2357
1816
1871
3830
608
890
1004
67
1212
2411
1399
671
4006
203
2202
2064
2135
4327
1315
1973
34
3941
2292
4056
2191
1399
3612
3250
661
4185
1051
4143
1646
2761
2154
1847
4244
4978
2537
2710
3681
1692
4514
3945
2661
395
3874
3149
681
2635
1888
1742
1616
4485
2102
2696
3813
2361
2861
2798
590
1128
3205
2365
1696
2412
4649
3019
3045
4718
2761
1658
273
1323
2673
4947
2994
541
391
2832
1734
2306
3610
723
2822
1243
3013
1972
495
235
2211
2531
4257
4106
1261
4570
1185
4181
1599
4958
2761
707
3616
4170
112
4526
1392
3024
780
588
2668
3453
2346
4146
285
112
3000
2444
1446
2743
4835
1115
1292
3213
2794
2539
536
4820
2571
4424
1064
4995
4539
2301
764
388
2257
2912
2979
2965
892
405
4190
3792
3819
3302
4020
3330
3603
540
1829
3092
2435
276
3314
3465
3475
1169
3873
2085
4971
2113
2623
1670
1112
1599
2350
1491
4889
237
2854
909
736
1292
896
277
2003
3682
1533
1812
2242
2358
3949
17
1380
1138
195
251
4562
214
4133
387
2477
2573
810
500
1883
1766
940
2602
4708
1961
942
468
3435
588
3615
1440
4760
4106
4219
1554
1026
2463
4506
3936
2833
4058
546
3725
3242
4822
3096
3088
3780
1439
1612
4776
912
1638
2314
3894
2429
553
1589
1159
321
1074
1062
685
4075
3298
4378
857
589
1698
4433
23
4184
1366
2107
2885
823
2646
237
4937
4542
1739
1297
2279
563
2370
2300
900
1610
2543
4376
3266
1302
226
2682
416
619
2151
614
3948
4225
2052
1230
3832
483
892
33
4223
1030
3946
1568
4746
117
2549
2901
2276
3993
4559
1828
1670
1397
793
2763
4607
1415
335
2054
1364
1323
1179
1403
3792
2834
353
4900
1456
1543
2486
3402
3478
4322
4286
1591
4463
1566
1713
4092
2363
1005
921
3801
3681
2611
4858
4723
4276
663
4710
1495
3686
4806
2012
821
2792
3082
4228
1607
1683
696
2218
1217
3510
3303
2589
3827
1052
3244
1491
4458
2889
43
4443
749
1105
3568
2102
1338
2741
987
2034
1280
4203
2945
1365
3384
256
4503
4195
4989
1733
3138
1331
1506
804
3874
308
2306
301
3805
32
3355
3105
2607
2226
3492
3714
175
969
629
269
573
49
4246
2701
4464
4586
3880
2349
868
1527
4775
4594
528
2870
2753
3499
2878
2431
2032
734
539
1842
3939
4776
158
609
1003
3040
4013
408
4217
2664
299
2797
3533
2905
1430
207
1185
1635
3077
1039
1187
470
3415
4013
2066
351
2719
3657
3104
2970
2131
719
2758
3585
2627
2342
2205
4502
4686
637
4744
323
3048
842
2183
4931
481
3657
3551
4388
1863
1397
4877
4164
323
4190
3793
277
3137
4935
311
671
4753
2210
4712
2872
2530
1387
3039
2458
2734
3182
200
4601
1385
1405
2651
4983
1131
4274
3694
4390
1061
3462
2232
2242
1424
1731
4874
3769
3065
3532
4352
2335
2512
4479
2501
2466
3392
4900
1813
2031
185
2654
2235
3855
4585
1466
2619
2609
2873
3248
1706
2317
291
1701
1105
3290
1706
3474
1177
301
3161
3341
4608
4688
2598
875
1569
4434
1064
422
354
216
722
224
2199
3144
780
1733
3156
2365
175
1334
2487
4188
1318
511
2436
2018
2780
2494
978
1800
2208
1958
834
1916
1533
4672
2648
285
2598
1181
211
3362
1423
2371
4406
3200
4406
1281
4537
2095
3152
72
745
2711
2056
248
947
1580
947
2028
4833
203
3231
3403
3443
2848
4370
1340
3983
494
1126
4445
1411
274
2066
4952
4422
3468
2820
2115
2382
2098
330
4674
237
4163
3319
3291
3501
4613
1731
3750
1778
1500
1196
855
3911
872
4992
4329
2376
2777
53
561
46
746
4943
3508
1338
759
3216
3990
4425
1732
1943
1352
573
3035
1855
3469
3404
3033
1487
1017
4089
3990
4074
439
401
3016
2061
1629
400
3635
2566
582
1938
1079
4132
2948
3709
1165
4257
1455
2051
135
3035
2671
846
460
714
4034
4140
596
4133
4578
4850
2886
1829
3670
4461
2844
4715
4899
131
2695
2501
4167
2416
149
1611
4395
2733
3811
1512
1970
4242
4800
3580
450
2836
401
1734
69
4058
578
479
2300
2601
2383
3786
4601
4416
4680
271
3016
2510
2626
3767
3650
4079
1384
3257
2781
3541
1637
1267
4075
4522
2916
1093
4932
3204
3678
1287
2027
4658
807
2154
2851
4331
1902
2148
3332
518
4351
2621
3198
3355
2255
1246
3096
4176
2187
3162
4710
4680
4838
3269
2453
3951
141
4737
155
4320
3000
1383
4232
119
575
1778
1915
546
4542
3367
2459
570
2743
3033
4251
823
258
545
704
4162
2508
4050
3138
308
4986
354
4932
4835
3920
4221
4634
4622
3938
3108
1807
2445
845
18
4248
4507
1723
4311
705
144
1274
302
1977
463
832
689
3892
3870
3430
1556
3549
28
2749
2023
1382
3189
3281
3013
4198
712
3800
4865
3389
2721
2287
1608
3679
3667
4634
465
1378
1661
2358
4249
3062
4413
2917
1084
1505
2323
3276
4605
1004
2388
2644
4479
1709
2847
1540
4868
3249
3171
1855
378
502
4335
2415
4182
4890
4732
1198
152
4364
1837
965
3974
1941
1447
587
477
3994
4107
2259
3705
697
616
443
3678
478
3333
3884
1975
1009
3580
4747
1380
13
2442
3803
2841
1799
4587
2276
1328
4289
1235
356
2697
2210
615
240
304
4484
3858
1400
1284
2378
532
853
4432
3204
3036
1639
1003
648
4302
2319
1938
2311
1623
989
364
3529
4837
3791
342
4934
2468
551
877
4546
331
2872
2625
4987
661
4301
4002
1106
4476
4206
226
1156
4647
2759
225
2052
3260
927
176
4855
3017
626
2077
4404
3148
4979
4077
3998
219
554
1992
2807
3350
3814
2973
1738
2968
1591
4398
3629
4580
1938
2199
4186
1579
362
4688
712
2292
399
690
915
1949
3566
2438
60
4574
1085
3657
3982
733
4393
3756
1247
2595
4198
2791
3927
3438
1050
869
696
1648
1742
323
1121
572
4778
19
2417
2248
4708
2189
157
438
1533
748
1222
2781
4472
182
314
3125
1600
3357
2605
2888
1357
3548
1819
4171
938
2923
4981
4324
4086
99
1022
2573
2165
2109
1905
4102
2362
2996
3481
4793
3979
1283
3188
3151
3961
3377
181
4752
691
2729
13
808
1358
566
2061
636
3883
3820
1714
3740
3405
1721
1869
347
2709
1803
2726
1673
4028
2723
4172
4849
2636
4431
692
1726
563
2269
1188
2865
1269
1474
3435
2758
4534
2459
4663
1397
2617
251
1801
4932
2143
2732
3353
577
799
3561
2410
4948
1230
3159
4362
1531
4364
4963
761
496
3867
3782
435
453
3468
246
3155
1576
4623
2166
4333
1945
4511
1830
4008
3736
2041
4893
3047
2419
1959
1962
1147
1917
3349
1266
799
3763
62
1716
415
4880
4692
3361
3829
4184
1674
1775
1321
1337
3080
484
797
3517
3907
4783
4098
1804
4750
3482
1139
1775
1873
708
3476
2623
28
51
1054
2756
1344
3998
2906
377
3522
2560
4751
1941
4117
1537
666
1653
635
663
2633
3180
4463
3163
860
4268
106
4174
432
4302
3937
937
777
102
1071
51
4980
4834
1788
1701
3790
3185
4265
4210
2261
1240
1735
2
2097
2871
4028
1854
4981
3499
4433
2501
448
3356
1434
2749
2619
1991
3898
1102
431
302
3635
4776
2828
1506
3383
660
3248
1731
1367
4944
1362
3054
1149
4636
4466
1709
2831
1850
359
4005
2363
4627
1132
601
4041
4155
1168
3747
2618
4678
232
4291
4075
285
4155
3200
254
1441
4994
1363
3445
4368
2147
1515
971
3500
1041
2250
2657
2744
1169
1175
2482
3039
2018
4461
1564
2629
4130
1969
787
1855
4610
393
4388
3710
1629
2415
2035
1886
2922
364
2737
3885
1659
4970
3565
3062
1674
4266
3462
885
1959
3044
4290
4982
576
189
94
2526
2214
3539
2435
2707
4207
3203
601
3351
4142
2427
1019
2151
4739
1420
4838
4043
3696
4271
2447
3542
3969
1905
1656
4324
3503
3273
351
835
2505
3758
2860
1563
3535
2213
2020
2335
381
3351
758
4749
3065
3114
1522
3634
2801
758
1545
4662
787
2824
133
367
683
4699
838
394
4322
4722
2885
1556
809
1674
2281
4766
2819
28
1259
4095
487
1432
2560
755
106
29
444
1193
3424
854
3869
4291
3307
342
4331
1679
2346
2052
4433
4954
1751
305
320
3971
4389
2158
3929
2189
4979
4147
1021
71
2954
1875
4243
4878
2775
203
1812
2922
149
3240
575
2701
3866
1896
3228
2888
4900
3288
2631
3528
1376
3365
1828
885
4199
3023
33
1923
3030
567
524
2882
32
1794
2409
792
4274
2941
632
1855
1426
688
2706
3400
2485
655
70
3766
2956
4419
2860
4112
1834
3424
4524
4446
3805
3743
956
4581
3734
3132
4445
269
3983
4778
808
3775
1416
2890
435
1172
2669
2610
2282
2833
296
1058
1291
1519
1590
345
1434
1055
4065
1054
3118
4858
3850
996
4334
2134
2048
2109
2732
3996
2161
4663
116
2486
76
4859
2176
3103
2721
906
3340
4315
774
1898
3128
2325
2135
663
3760
479
2136
3133
460
1948
514
2032
300
4162
72
1446
2380
843
3500
2069
1904
2674
2443
4967
1556
1314
2930
2548
2675
2994
2212
3078
2194
349
1905
3199
695
4079
3124
4902
3787
1417
1129
169
2194
2517
2617
4517
699
4141
2819
800
3616
1918
3977
3135
4036
2546
1996
3556
3747
2027
549
928
4931
1443
1858
1566
2125
4984
856
3375
1328
4605
2299
818
3770
3524
1752
1779
812
2400
3290
4300
1785
2494
4865
1090
442
3899
588
1062
3937
4776
614
1244
2520
4851
1548
2736
2102
1064
474
2540
949
4700
4773
2870
1899
2930
2144
990
538
4950
1990
1566
3958
3798
912
4698
1755
3953
1860
414
4145
3639
3667
1847
477
1368
4317
2689
4429
2058
91
3016
2415
522
3113
4147
750
2171
2958
4330
4050
3204
1049
3112
3052
2355
4610
3283
299
3191
394
2664
3373
836
648
548
2350
40
464
2622
1582
82
3282
408
3034
4450
2533
3676
2425
4683
4326
3202
425
2581
2969
4511
4878
568
3474
3826
4702
2850
961
209
3620
4881
2136
1296
3110
773
370
2689
3661
860
4065
3103
562
2113
3356
4388
3536
2047
2667
2939
3617
3287
3289
1872
3096
3057
1805
523
4912
1998
4485
4699
2319
2268
4551
3431
3531
492
2901
4960
680
1845
4069
2826
1666
1627
1570
4817
3757
714
2626
3952
2167
3108
4717
4885
2879
3090
3231
3137
2332
463
2482
2163
1860
4288
2939
2356
4664
1688
935
789
1232
656
1385
4228
72
4060
2139
390
1694
4920
407
2254
3847
2177
2265
3580
2814
3360
3563
1936
2720
4993
3564
1341
3263
4602
1470
4140
1824
4383
810
3629
1267
2298
3355
754
4727
3167
1107
4671
823
2886
2246
4665
2333
1642
4305
3583
2817
2390
4438
3182
2847
3431
4495
3694
314
1005
3237
714
4345
2779
788
981
2068
2917
3748
2911
1298
2577
2631
1016
1931
1087
2394
2035
4357
4298
4762
3739
1229
1640
1732
3212
4516
2662
480
4456
1116
645
875
354
3349
2625
3440
2591
3744
1119
235
2688
2751
894
466
4172
1047
335
1367
4331
1051
1839
3390
885
4270
1355
2184
3368
4516
1330
1762
777
206
4030
661
2281
705
1508
562
2265
4690
2580
2722
785
3784
1138
2367
2833
213
1818
875
3851
4362
1763
3139
87
1031
3994
4671
806
3404
4159
121
4011
1622
2892
551
3963
2073
4730
1207
637
3038
1678
4150
3357
1114
4865
4484
3482
4700
893
4544
2479
1312
3203
1540
2583
2588
1409
4277
681
3334
4568
4665
1523
4296
492
2636
651
4113
3293
4529
2377
4897
211
2570
504
3969
1566
957
67
4813
2595
2091
2204
2375
650
2293
2288
2721
1364
2365
990
671
779
3462
3870
4455
2665
4545
1270
1861
178
3462
1112
1871
2174
3099
4271
3665
454
676
4688
1982
1256
1583
4942
949
3766
1826
541
4388
4688
2156
1072
4403
3322
948
3374
2535
4832
258
1535
3785
3733
4017
1613
1314
2795
4269
814
2862
2933
1270
3573
2963
1433
2441
4408
3700
3329
4288
2540
630
3528
429
3180
2574
3873
2400
4033
4388
1635
274
187
3897
2050
3246
3358
1281
3767
67
2360
380
3527
4584
830
2903
2937
3293
2294
1057
568
3681
648
3541
2536
13
6
468
4958
3365
1738
2003
2544
1734
286
2488
2700
2425
2566
4141
3133
154
2522
567
831
2621
1263
4774
2588
4214
1774
4656
3447
4027
3044
2532
4397
4344
2160
3032
4619
623
1492
3928
1435
4650
2675
556
1568
1470
3448
3012
4081
1174
1399
114
2051
2409
837
4828
3310
4361
561
2501
4161
313
1550
3080
4506
234
2433
1480
206
2290
2117
1686
2134
1737
2622
1751
2986
4113
3882
1985
2039
3002
4443
4427
3501
1072
2146
4959
1708
4394
2533
3788
3596
4767
1137
2892
123
286
939
3590
3344
4858
4704
1713
4711
712
1460
2359
1262
1607
3807
4977
2972
3923
4356
4140
4977
4134
3075
4192
281
108
662
3865
4562
4737
4433
1660
2732
2577
1106
3192
4696
3843
984
3286
2441
4779
2216
4334
272
3539
4531
1087
4979
1965
2555
2139
4813
3903
1684
1277
4065
1396
2687
4672
4016
2371
1282
4309
2578
1998
4387
4288
177
681
1675
2912
208
1933
3488
17
2683
288
226
1408
153
3531
1111
3426
2851
2032
761
865
4616
2949
4053
724
3929
370
3576
2698
56
1850
4322
4363
4254
4329
3916
2419
3713
3275
3653
316
4948
4077
2624
3567
3384
770
4113
2254
4929
4044
4015
785
1531
2461
748
707
3435
3184
4326
2176
1986
1281
4330
445
1196
3830
3151
3100
1055
1617
4685
2803
983
171
201
1496
1430
294
2216
3587
809
1966
3280
3448
85
2326
350
3127
2456
1179
2010
362
3925
1623
2280
826
2319
3292
2343
1663
2702
3154
892
1394
2560
871
1913
640
814
890
4982
3581
3215
4
2369
2810
3579
1268
1226
1230
949
2814
1319
1060
875
4391
1359
1710
2258
4591
4282
886
2611
4435
4421
1477
3922
1414
3124
3666
861
2739
2087
2104
2897
3722
2879
1412
4503
3932
738
2098
2054
3157
2553
2827
4987
4662
4075
4109
4763
3019
275
1271
433
1447
2589
3791
2450
946
2438
931
2453
2101
1520
2512
2617
4434
2580
4322
543
394
2146
3944
4095
292
4996
4835
2590
167
394
2963
2916
1885
4638
2262
284
4948
2503
3886
4212
1369
3555
4150
164
2635
3109
1985
1772
482
1054
3158
3862
938
1879
2180
3123
2648
2581
1038
522
3879
349
3676
4138
3423
3815
1350
1952
611
2792
4789
2732
1118
199
103
2686
1530
1089
3838
3454
2636
1271
2023
4689
1159
4949
2858
3495
571
4070
827
1657
146
4323
595
1121
3535
2642
2755
4202
3667
1811
2959
1294
181
126
4027
2701
1445
776
3917
1731
3278
2477
4446
1555
4222
2631
2470
3175
4235
2292
547
4858
1483
213
1838
3612
3776
2003
3042
2276
110
1197
697
757
2635
980
2221
879
1858
223
1664
2318
651
3482
4009
4352
202
585
1188
3703
3211
187
1236
3182
807
4090
239
729
4878
4166
4550
3853
3753
3065
1832
1318
3650
4693
1922
2007
1627
2738
3109
3876
2703
3204
1923
2156
3529
3296
1391
2314
4007
1311
1153
3275
266
3148
1059
3042
4413
1271
1580
2430
800
4852
2918
2613
1320
2789
389
1730
1372
2500
4342
4993
3838
2149
3281
884
1564
304
1117
1838
755
1748
2351
1796
1327
511
815
4916
4097
2442
871
2285
2550
2393
2720
3990
1063
2121
3682
3002
1258
4817
1504
441
1125
2371
2974
1939
4530
1460
4145
2741
1563
2423
2457
3301
1467
2624
2045
138
2591
403
4299
2749
4687
645
3146
1364
2685
563
4934
1925
345
1239
1263
3528
2190
3497
1223
3805
1029
457
3526
4844
1132
1338
4140
2059
4946
778
4490
4154
770
2127
2221
1218
1457
4812
4816
4780
829
3144
2436
3703
4053
1063
1855
3665
4335
338
4183
1238
1802
4954
1065
1054
1456
2698
731
441
4239
3474
1922
2014
2365
464
3216
209
1550
2889
845
4722
788
3133
337
4202
1025
4600
4212
3681
4387
636
4698
1739
4084
516
2278
3601
21
4068
1698
3291
1783
1564
1200
915
3966
2387
297
4773
643
1728
1743
3186
2836
4500
4152
548
2978
1467
1762
3700
1126
3154
301
3271
1360
2090
138
2287
670
1354
3998
1293
742
4635
1042
2229
2680
636
811
4498
3755
870
689
4576
2331
3402
3478
3944
1779
1055
4092
3822
1284
1192
4595
3038
2090
2409
4831
3357
3319
3185
1258
2612
1495
1939
4491
823
3976
496
2402
1404
2091
3543
2222
3527
4555
2796
3573
586
329
726
920
2962
4874
3873
4537
1437
3166
2932
4882
1327
4589
814
323
3403
4319
1042
2862
4695
1368
3625
2131
1760
3759
1374
1851
668
2346
2140
1444
471
1208
364
1400
2845
4498
1371
3802
4487
711
4008
1582
72
2682
243
1572
4431
4266
1009
3801
4719
2638
4444
833
4457
731
328
1645
27
1579
4168
3900
2682
4531
4134
3338
4507
4938
3849
2050
4016
1833
1761
4505
4182
2652
574
3769
1962
4939
1846
1750
3364
3709
1966
105
3715
2514
1704
1870
4656
2954
4978
252
999
2223
3167
4368
3600
2661
4471
278
4156
610
4882
1014
4971
1573
1177
4983
714
2175
4005
3482
2041
2832
249
1822
4571
1472
2602
4027
4031
956
3088
1845
3283
2440
876
55
4560
4663
2225
2065
592
964
2871
3744
820
3443
4554
2217
3778
674
1841
2393
1604
4606
2011
820
3764
4323
3620
2224
75
2091
4380
4477
105
2578
137
4779
4926
2236
419
504
4231
3
125
2621
4
3169
1948
3340
3655
3775
4039
968
127
1584
4502
2688
2466
4053
2488
2705
4017
3141
