499
499
498
497
496
495
494
493
493
493
492
491
490
490
490
489
489
488
486
486
486
485
485
483
483
482
482
480
478
477
477
476
475
473
472
472
472
469
468
468
467
467
465
465
465
464
463
461
460
459
459
458
458
457
457
455
454
454
454
453
453
453
452
452
450
447
446
444
444
444
441
439
439
439
438
438
437
437
437
437
436
435
435
435
434
433
432
430
430
430
429
427
426
426
425
424
423
422
421
421
417
415
414
413
413
412
412
411
411
411
408
407
407
407
404
402
402
401
401
400
399
399
398
398
398
397
396
395
395
395
393
393
392
391
389
389
389
388
386
386
386
386
384
383
382
382
382
379
379
379
377
376
376
376
375
375
372
371
371
369
369
369
369
368
368
367
365
365
365
362
361
361
360
359
358
357
355
355
355
354
354
351
351
350
350
349
349
349
348
348
347
347
345
344
343
340
337
336
336
335
333
332
331
331
331
331
328
327
326
325
325
324
322
322
318
316
314
314
313
312
312
309
309
307
305
305
304
304
304
303
303
302
302
297
296
296
295
294
294
293
292
292
291
291
290
290
289
287
285
282
281
280
278
278
277
275
273
273
272
270
268
267
264
264
264
263
262
262
261
259
259
259
256
254
253
252
250
249
248
248
247
245
241
241
240
240
239
238
238
238
237
236
235
234
234
233
231
231
230
229
228
227
226
225
223
223
223
222
221
219
219
215
212
212
210
209
209
208
206
206
204
204
204
203
203
200
199
199
199
199
197
195
194
194
192
190
189
189
189
187
184
182
181
180
177
176
175
174
171
170
169
167
167
166
164
161
160
159
159
156
156
153
153
152
151
151
149
147
145
141
139
136
135
134
134
132
132
131
131
130
129
128
128
128
128
126
124
122
121
119
119
119
119
118
118
116
114
113
112
111
111
110
109
109
106
101
98
97
95
95
94
93
92
92
91
88
87
87
86
85
84
81
81
79
78
78
78
76
76
74
74
74
73
73
72
72
71
69
69
68
68
67
67
65
65
63
62
61
59
57
57
55
54
52
51
51
49
46
46
45
44
43
43
41
41
40
40
40
35
35
33
32
32
32
31
30
30
29
29
29
28
27
27
26
25
25
23
19
18
16
14
14
8
6
4
3
2
0
0
0
