4999
4998
4996
4995
4994
4994
4994
4993
4993
4992
4989
4987
4987
4986
4984
4983
4983
4982
4982
4981
4981
4981
4980
4980
4979
4979
4979
4978
4978
4977
4977
4971
4971
4970
4969
4967
4967
4966
4965
4964
4963
4962
4962
4961
4960
4959
4959
4958
4958
4958
4954
4954
4954
4954
4952
4950
4949
4949
4948
4948
4948
4948
4947
4946
4946
4944
4944
4944
4943
4942
4941
4940
4939
4938
4937
4937
4935
4934
4934
4934
4932
4932
4932
4931
4931
4929
4926
4926
4926
4924
4920
4918
4916
4914
4914
4912
4912
4911
4909
4907
4907
4902
4900
4900
4900
4899
4899
4899
4898
4897
4897
4896
4896
4894
4893
4892
4890
4890
4889
4886
4886
4885
4885
4882
4882
4881
4880
4878
4878
4878
4878
4877
4874
4874
4868
4868
4867
4865
4865
4865
4859
4859
4858
4858
4858
4858
4855
4854
4852
4851
4850
4850
4849
4847
4844
4843
4838
4838
4837
4836
4835
4835
4835
4835
4834
4834
4833
4833
4832
4832
4831
4831
4828
4826
4824
4822
4820
4817
4817
4816
4813
4813
4812
4812
4811
4807
4806
4806
4804
4803
4800
4800
4799
4799
4796
4793
4793
4792
4791
4789
4788
4787
4787
4784
4783
4781
4781
4780
4779
4779
4778
4778
4777
4777
4776
4776
4776
4776
4775
4774
4773
4773
4771
4769
4769
4767
4767
4766
4763
4763
4762
4760
4758
4756
4755
4753
4752
4751
4750
4750
4749
4749
4748
4747
4746
4746
4744
4742
4739
4739
4737
4737
4734
4732
4732
4730
4730
4727
4723
4722
4722
4719
4719
4718
4717
4717
4715
4712
4711
4710
4710
4708
4708
4708
4704
4702
4701
4700
4700
4699
4699
4698
4698
4696
4695
4693
4693
4692
4690
4689
4689
4688
4688
4688
4688
4688
4687
4686
4686
4685
4683
4682
4682
4680
4680
4680
4678
4677
4675
4674
4673
4672
4672
4672
4671
4671
4671
4670
4666
4665
4665
4664
4663
4663
4663
4663
4662
4662
4661
4658
4656
4656
4655
4654
4654
4650
4649
4647
4642
4641
4638
4637
4636
4636
4635
4634
4634
4632
4630
4628
4627
4627
4626
4625
4623
4622
4621
4621
4619
4618
4616
4616
4613
4612
4610
4610
4610
4608
4607
4606
4605
4605
4604
4602
4601
4601
4601
4600
4595
4594
4594
4591
4590
4589
4587
4587
4587
4586
4585
4584
4584
4581
4580
4578
4577
4576
4575
4574
4574
4574
4572
4571
4570
4570
4569
4568
4568
4566
4562
4562
4562
4561
4560
4559
4559
4559
4555
4554
4553
4551
4550
4549
4546
4545
4545
4545
4544
4542
4542
4541
4539
4537
4537
4536
4534
4533
4532
4532
4531
4531
4530
4529
4526
4524
4522
4517
4516
4516
4514
4511
4511
4510
4510
4508
4507
4507
4506
4506
4506
4505
4505
4503
4503
4503
4503
4502
4502
4502
4502
4500
4498
4498
4498
4496
4495
4494
4494
4494
4493
4492
4491
4491
4490
4490
4490
4488
4487
4485
4485
4484
4484
4484
4484
4483
4480
4479
4479
4477
4476
4473
4472
4472
4471
4467
4466
4466
4464
4463
4463
4462
4462
4461
4461
4460
4458
4457
4456
4455
4450
4449
4447
4446
4446
4445
4445
4445
4444
4443
4443
4442
4440
4438
4435
4435
4435
4434
4434
4433
4433
4433
4433
4432
4431
4431
4429
4427
4427
4425
4425
4424
4424
4422
4421
4419
4417
4416
4413
4413
4408
4408
4406
4406
4404
4403
4400
4400
4398
4397
4396
4396
4395
4395
4394
4393
4391
4391
4390
4389
4388
4388
4388
4388
4388
4387
4387
4383
4383
4380
4378
4376
4376
4373
4370
4368
4368
4368
4365
4365
4365
4365
4364
4364
4363
4362
4362
4362
4361
4359
4359
4358
4357
4356
4354
4352
4352
4351
4349
4345
4344
4342
4338
4338
4335
4335
4335
4334
4334
4333
4332
4331
4331
4331
4330
4330
4329
4329
4329
4327
4326
4326
4324
4324
4324
4323
4323
4322
4322
4322
4322
4322
4322
4320
4320
4319
4319
4318
4317
4317
4315
4312
4311
4309
4307
4305
4305
4303
4302
4302
4301
4300
4300
4299
4299
4298
4298
4297
4296
4296
4291
4291
4291
4290
4289
4289
4288
4288
4288
4288
4286
4285
4282
4281
4279
4279
4277
4276
4274
4274
4273
4272
4271
4271
4271
4271
4270
4270
4269
4268
4268
4267
4267
4266
4266
4266
4265
4265
4257
4257
4255
4254
4254
4251
4249
4248
4246
4246
4244
4244
4243
4242
4239
4237
4235
4235
4234
4234
4232
4232
4231
4229
4228
4228
4228
4225
4224
4223
4222
4221
4219
4217
4216
4214
4214
4213
4212
4212
4210
4207
4207
4206
4205
4205
4203
4203
4202
4202
4202
4201
4199
4199
4198
4198
4195
4193
4192
4192
4192
4192
4190
4190
4188
4188
4186
4185
4184
4184
4183
4183
4182
4182
4181
4177
4176
4176
4174
4172
4172
4171
4170
4170
4170
4168
4167
4166
4166
4165
4164
4163
4162
4162
4161
4159
4157
4156
4155
4155
4154
4153
4152
4152
4151
4150
4150
4150
4150
4149
4147
4147
4147
4146
4145
4145
4143
4142
4142
4141
4141
4141
4140
4140
4140
4140
4140
4139
4139
4138
4134
4134
4134
4134
4133
4133
4133
4132
4130
4124
4122
4119
4117
4114
4114
4113
4113
4113
4112
4109
4109
4108
4107
4107
4106
4106
4105
4102
4101
4098
4098
4097
4096
4095
4095
4092
4092
4092
4090
4089
4087
4086
4084
4082
4081
4079
4079
4077
4077
4075
4075
4075
4075
4074
4074
4073
4072
4071
4070
4069
4069
4068
4065
4065
4065
4063
4060
4059
4058
4058
4057
4056
4054
4053
4053
4053
4053
4052
4050
4050
4048
4047
4047
4045
4044
4043
4041
4039
4039
4036
4036
4036
4036
4035
4034
4034
4033
4033
4032
4031
4031
4030
4029
4028
4028
4027
4027
4027
4027
4027
4024
4022
4021
4020
4017
4017
4016
4016
4015
4013
4013
4013
4013
4012
4011
4009
4008
4008
4007
4007
4006
4006
4006
4005
4005
4002
3998
3998
3998
3996
3995
3994
3994
3993
3993
3990
3990
3990
3988
3987
3987
3985
3985
3983
3983
3982
3980
3979
3977
3976
3975
3974
3971
3971
3969
3969
3968
3967
3966
3963
3961
3960
3960
3958
3958
3957
3953
3953
3952
3951
3950
3949
3948
3946
3945
3944
3944
3944
3941
3939
3939
3938
3937
3937
3936
3934
3933
3932
3929
3929
3928
3927
3927
3925
3923
3922
3922
3921
3920
3920
3917
3916
3916
3916
3914
3913
3911
3910
3909
3907
3904
3903
3903
3900
3899
3898
3897
3896
3895
3894
3893
3892
3890
3889
3887
3886
3886
3885
3884
3883
3882
3882
3880
3880
3879
3879
3877
3876
3875
3874
3874
3874
3874
3873
3873
3873
3873
3872
3871
3870
3870
3870
3869
3869
3867
3866
3865
3865
3862
3862
3860
3859
3858
3855
3855
3854
3854
3853
3853
3851
3850
3850
3849
3847
3847
3846
3843
3842
3840
3838
3838
3833
3832
3831
3830
3830
3829
3827
3826
3822
3820
3819
3818
3817
3815
3814
3813
3811
3810
3807
3807
3805
3805
3805
3804
3803
3802
3802
3801
3801
3801
3801
3800
3798
3797
3794
3793
3792
3792
3791
3791
3791
3790
3788
3787
3786
3786
3785
3784
3784
3782
3780
3780
3778
3778
3776
3776
3775
3775
3774
3773
3770
3770
3769
3769
3767
3767
3767
3766
3766
3764
3763
3761
3760
3759
3759
3759
3758
3758
3757
3756
3755
3755
3753
3753
3752
3751
3750
3749
3748
3748
3747
3747
3744
3744
3743
3740
3739
3739
3737
3736
3735
3734
3733
3733
3732
3729
3726
3725
3725
3723
3722
3722
3722
3720
3718
3718
3716
3716
3715
3714
3713
3713
3713
3712
3710
3709
3709
3705
3703
3703
3703
3702
3700
3700
3700
3698
3696
3694
3694
3694
3693
3692
3690
3687
3686
3686
3682
3682
3681
3681
3681
3681
3680
3679
3678
3678
3678
3676
3676
3672
3671
3670
3667
3667
3667
3666
3666
3665
3665
3665
3663
3661
3661
3661
3658
3657
3657
3657
3655
3653
3650
3650
3649
3646
3646
3644
3642
3639
3638
3636
3635
3635
3634
3634
3632
3630
3629
3629
3627
3625
3623
3621
3620
3620
3617
3616
3616
3615
3614
3612
3612
3610
3609
3609
3606
3606
3605
3603
3602
3601
3601
3600
3600
3599
3599
3596
3596
3590
3589
3588
3587
3585
3583
3583
3582
3582
3582
3581
3580
3580
3580
3580
3579
3577
3577
3576
3576
3575
3574
3574
3573
3573
3573
3569
3568
3568
3567
3566
3565
3564
3564
3563
3563
3563
3561
3558
3556
3555
3554
3553
3551
3550
3549
3548
3547
3547
3545
3543
3542
3542
3541
3541
3541
3540
3539
3539
3539
3538
3536
3536
3535
3535
3534
3533
3533
3532
3531
3531
3529
3529
3528
3528
3528
3527
3527
3526
3525
3524
3524
3522
3521
3520
3517
3517
3512
3512
3510
3510
3508
3505
3503
3503
3501
3501
3500
3500
3499
3499
3497
3495
3493
3493
3492
3492
3489
3488
3488
3486
3485
3485
3485
3482
3482
3482
3482
3481
3478
3478
3478
3477
3476
3475
3474
3474
3474
3474
3472
3469
3469
3468
3468
3467
3466
3465
3465
3463
3462
3462
3462
3462
3462
3460
3458
3456
3454
3454
3454
3454
3453
3451
3448
3448
3447
3447
3446
3445
3445
3443
3443
3440
3438
3437
3435
3435
3435
3434
3434
3433
3433
3432
3432
3431
3431
3430
3427
3427
3426
3426
3425
3424
3424
3423
3422
3422
3418
3415
3414
3407
3405
3404
3404
3403
3403
3402
3402
3400
3400
3398
3393
3393
3392
3392
3392
3391
3390
3389
3387
3386
3384
3384
3383
3382
3379
3378
3377
3377
3377
3376
3375
3375
3375
3374
3373
3373
3372
3369
3368
3367
3366
3365
3365
3364
3362
3362
3361
3360
3358
3357
3357
3357
3357
3357
3356
3356
3356
3355
3355
3355
3354
3353
3353
3351
3351
3350
3349
3349
3349
3348
3344
3343
3342
3342
3341
3340
3340
3338
3338
3337
3334
3333
3332
3330
3330
3330
3329
3325
3322
3320
3320
3320
3320
3319
3319
3315
3314
3312
3311
3310
3308
3308
3307
3303
3303
3302
3301
3301
3300
3300
3300
3298
3298
3297
3296
3296
3295
3293
3293
3293
3292
3292
3291
3291
3290
3290
3289
3288
3287
3286
3283
3283
3282
3281
3281
3280
3280
3280
3278
3278
3276
3275
3275
3273
3273
3272
3272
3271
3271
3269
3267
3266
3265
3263
3263
3260
3258
3257
3251
3250
3249
3248
3248
3246
3245
3244
3242
3242
3240
3237
3237
3237
3236
3236
3235
3232
3231
3231
3231
3228
3222
3222
3221
3219
3217
3216
3216
3215
3213
3212
3212
3211
3210
3209
3209
3205
3204
3204
3204
3204
3203
3203
3202
3202
3200
3200
3199
3199
3199
3198
3196
3196
3196
3195
3192
3192
3191
3189
3188
3187
3186
3185
3185
3184
3182
3182
3182
3180
3180
3178
3177
3176
3175
3172
3171
3170
3169
3167
3167
3166
3166
3163
3162
3161
3159
3158
3157
3156
3156
3155
3154
3154
3152
3151
3151
3151
3149
3149
3149
3148
3148
3148
3148
3146
3144
3144
3141
3141
3139
3138
3138
3137
3137
3137
3135
3135
3134
3133
3133
3133
3133
3132
3128
3128
3128
3127
3126
3125
3125
3124
3124
3124
3123
3123
3123
3122
3120
3118
3117
3116
3114
3114
3113
3112
3111
3110
3109
3109
3108
3108
3105
3105
3105
3104
3104
3103
3103
3100
3099
3099
3096
3096
3096
3095
3094
3093
3092
3092
3091
3090
3090
3088
3088
3082
3082
3080
3080
3078
3077
3075
3075
3075
3068
3065
3065
3065
3064
3062
3062
3062
3057
3054
3052
3049
3048
3047
3046
3045
3044
3044
3043
3042
3042
3040
3040
3039
3039
3038
3038
3036
3035
3035
3034
3033
3033
3033
3032
3030
3030
3028
3026
3024
3023
3022
3020
3019
3019
3019
3017
3017
3017
3017
3017
3016
3016
3016
3013
3013
3012
3011
3008
3005
3005
3005
3004
3004
3002
3002
3000
3000
2998
2998
2997
2996
2994
2994
2994
2993
2992
2992
2990
2989
2986
2982
2981
2981
2979
2979
2978
2978
2978
2974
2973
2972
2972
2970
2969
2968
2968
2966
2965
2964
2963
2963
2962
2959
2958
2958
2956
2956
2956
2954
2954
2954
2951
2951
2949
2948
2948
2947
2947
2946
2945
2943
2941
2939
2939
2938
2937
2936
2933
2932
2930
2930
2929
2929
2924
2923
2923
2922
2922
2921
2919
2918
2917
2917
2916
2916
2915
2915
2912
2912
2911
2911
2910
2907
2906
2905
2904
2903
2901
2901
2900
2897
2896
2895
2892
2892
2890
2889
2889
2888
2888
2886
2886
2885
2885
2885
2884
2882
2882
2881
2880
2879
2879
2878
2874
2873
2872
2872
2871
2871
2870
2870
2870
2865
2863
2862
2862
2862
2861
2860
2860
2858
2857
2854
2852
2851
2851
2851
2850
2849
2849
2849
2848
2847
2847
2845
2844
2841
2840
2840
2840
2836
2836
2835
2834
2833
2833
2833
2833
2832
2832
2832
2831
2828
2828
2827
2826
2824
2822
2820
2819
2819
2817
2816
2814
2814
2811
2810
2810
2809
2809
2807
2805
2804
2803
2803
2801
2799
2798
2798
2797
2796
2795
2794
2792
2792
2792
2791
2789
2785
2784
2783
2781
2781
2780
2779
2779
2777
2775
2775
2772
2771
2768
2763
2761
2761
2761
2759
2758
2758
2758
2757
2756
2755
2753
2751
2749
2749
2749
2749
2746
2744
2743
2743
2742
2741
2741
2741
2741
2739
2739
2739
2738
2737
2736
2734
2733
2732
2732
2732
2732
2731
2729
2729
2727
2727
2726
2726
2726
2723
2723
2722
2721
2721
2721
2720
2720
2719
2719
2719
2715
2714
2713
2712
2712
2711
2710
2709
2709
2707
2706
2705
2704
2703
2703
2702
2701
2701
2701
2700
2698
2698
2698
2698
2697
2696
2696
2695
2695
2695
2692
2690
2689
2689
2688
2688
2688
2687
2687
2686
2685
2683
2683
2682
2682
2682
2682
2681
2680
2679
2678
2675
2675
2675
2674
2673
2671
2670
2669
2668
2667
2665
2664
2664
2663
2662
2661
2661
2660
2658
2657
2654
2654
2654
2652
2651
2649
2648
2648
2646
2644
2643
2642
2638
2637
2636
2636
2636
2635
2635
2635
2634
2634
2633
2632
2631
2631
2631
2629
2627
2627
2627
2626
2626
2626
2625
2625
2624
2624
2623
2623
2622
2622
2621
2621
2621
2621
2620
2619
2619
2618
2617
2617
2617
2617
2614
2614
2613
2612
2611
2611
2611
2610
2609
2607
2606
2605
2602
2602
2601
2601
2600
2599
2598
2598
2596
2595
2595
2595
2591
2591
2591
2590
2590
2589
2589
2588
2588
2588
2584
2583
2581
2581
2581
2580
2580
2578
2578
2577
2577
2577
2575
2574
2573
2573
2571
2570
2570
2567
2567
2566
2566
2565
2560
2560
2560
2559
2559
2556
2555
2555
2554
2553
2553
2552
2550
2549
2548
2548
2546
2545
2544
2543
2543
2540
2540
2539
2539
2537
2536
2535
2535
2533
2533
2532
2531
2530
2530
2526
2525
2522
2521
2520
2517
2514
2513
2512
2512
2510
2510
2509
2509
2508
2505
2503
2502
2501
2501
2501
2501
2500
2500
2499
2499
2497
2495
2494
2494
2493
2488
2488
2488
2488
2488
2488
2488
2487
2486
2486
2486
2485
2485
2482
2482
2480
2479
2477
2477
2471
2471
2471
2470
2469
2469
2468
2466
2466
2466
2465
2465
2463
2461
2459
2459
2458
2457
2456
2453
2453
2450
2450
2447
2446
2445
2445
2444
2444
2444
2443
2442
2442
2441
2441
2440
2439
2439
2438
2438
2438
2436
2436
2435
2435
2433
2433
2431
2431
2430
2429
2427
2425
2425
2425
2423
2419
2419
2417
2416
2416
2415
2415
2415
2415
2415
2413
2412
2411
2410
2409
2409
2409
2407
2406
2404
2403
2402
2402
2400
2400
2399
2398
2396
2394
2393
2393
2390
2388
2387
2387
2385
2383
2382
2382
2380
2378
2377
2376
2375
2374
2373
2371
2371
2371
2371
2370
2369
2369
2368
2367
2367
2365
2365
2365
2365
2365
2363
2363
2362
2361
2361
2360
2359
2359
2358
2358
2358
2357
2357
2357
2356
2356
2355
2351
2351
2350
2350
2349
2347
2346
2346
2346
2346
2343
2343
2342
2342
2338
2335
2335
2333
2332
2331
2331
2329
2326
2326
2325
2325
2325
2323
2319
2319
2319
2318
2318
2317
2314
2314
2314
2312
2311
2311
2306
2306
2303
2301
2300
2300
2300
2299
2298
2294
2293
2293
2293
2292
2292
2292
2290
2290
2290
2288
2287
2287
2286
2285
2282
2281
2281
2281
2281
2280
2279
2278
2278
2277
2276
2276
2276
2276
2276
2269
2268
2268
2265
2265
2262
2261
2261
2259
2258
2258
2257
2256
2255
2254
2254
2251
2250
2248
2247
2247
2246
2246
2242
2242
2241
2239
2236
2236
2235
2234
2232
2231
2229
2227
2226
2225
2224
2223
2222
2221
2221
2221
2220
2218
2217
2216
2216
2214
2214
2213
2212
2212
2211
2210
2210
2208
2206
2205
2204
2202
2202
2201
2199
2199
2198
2196
2194
2194
2192
2191
2191
2191
2190
2189
2189
2187
2186
2186
2185
2184
2183
2183
2182
2180
2180
2180
2177
2177
2176
2176
2175
2174
2174
2173
2171
2169
2167
2166
2165
2164
2163
2161
2160
2158
2158
2156
2156
2154
2154
2152
2151
2151
2150
2149
2148
2147
2146
2146
2145
2144
2143
2141
2140
2139
2139
2138
2136
2136
2135
2135
2135
2135
2134
2134
2131
2131
2127
2127
2126
2125
2121
2117
2117
2115
2114
2113
2113
2112
2111
2109
2109
2109
2107
2107
2106
2104
2104
2103
2102
2102
2102
2101
2099
2099
2098
2098
2097
2095
2094
2094
2094
2091
2091
2091
2090
2090
2088
2087
2085
2081
2077
2073
2072
2069
2068
2066
2066
2065
2065
2065
2064
2064
2064
2064
2064
2061
2061
2060
2059
2058
2056
2054
2054
2054
2052
2052
2052
2052
2051
2051
2050
2050
2049
2049
2048
2047
2046
2046
2045
2045
2043
2041
2041
2041
2039
2039
2037
2035
2035
2034
2032
2032
2032
2032
2031
2028
2028
2027
2027
2025
2025
2023
2023
2023
2021
2020
2020
2018
2018
2018
2016
2014
2013
2013
2012
2012
2011
2010
2010
2010
2007
2005
2003
2003
2003
2003
2003
2003
1999
1998
1998
1996
1992
1991
1991
1990
1990
1990
1987
1986
1986
1985
1985
1985
1982
1982
1977
1975
1975
1973
1972
1971
1970
1969
1969
1968
1968
1966
1966
1965
1965
1965
1964
1962
1962
1961
1961
1959
1959
1958
1957
1957
1956
1954
1952
1950
1949
1948
1948
1948
1945
1944
1943
1942
1941
1941
1939
1939
1938
1938
1938
1936
1936
1935
1933
1931
1925
1925
1924
1923
1923
1923
1922
1922
1918
1917
1917
1916
1915
1914
1913
1913
1913
1911
1905
1905
1905
1904
1902
1899
1898
1897
1896
1888
1887
1886
1885
1883
1879
1879
1877
1875
1875
1873
1873
1872
1872
1871
1871
1871
1870
1869
1863
1861
1860
1860
1858
1858
1855
1855
1855
1855
1855
1854
1852
1851
1850
1850
1850
1847
1847
1846
1846
1845
1845
1845
1842
1841
1841
1840
1840
1840
1839
1839
1839
1838
1838
1837
1836
1834
1833
1832
1830
1829
1829
1828
1828
1826
1825
1824
1822
1822
1819
1818
1816
1815
1813
1812
1812
1811
1811
1809
1808
1807
1806
1806
1805
1805
1804
1803
1802
1801
1801
1800
1799
1799
1796
1796
1794
1794
1793
1791
1788
1785
1784
1784
1784
1783
1779
1779
1778
1778
1776
1775
1775
1775
1774
1774
1772
1771
1768
1766
1764
1763
1762
1762
1761
1760
1759
1759
1758
1755
1752
1752
1751
1751
1750
1750
1749
1748
1748
1743
1742
1742
1739
1739
1738
1738
1737
1737
1735
1734
1734
1734
1734
1733
1733
1732
1732
1731
1731
1731
1731
1730
1728
1728
1726
1725
1723
1722
1721
1716
1714
1713
1713
1711
1710
1710
1709
1709
1708
1708
1706
1706
1704
1702
1701
1701
1698
1698
1696
1694
1692
1692
1691
1690
1688
1686
1686
1685
1684
1684
1683
1683
1682
1681
1679
1678
1676
1676
1676
1675
1674
1674
1674
1673
1671
1670
1670
1666
1666
1664
1663
1662
1661
1660
1659
1659
1658
1658
1657
1656
1654
1654
1653
1652
1651
1650
1648
1647
1646
1646
1645
1643
1642
1641
1640
1639
1638
1638
1637
1635
1635
1629
1629
1627
1627
1627
1626
1625
1624
1623
1623
1622
1619
1617
1616
1615
1615
1613
1612
1611
1610
1608
1608
1607
1607
1604
1600
1600
1599
1599
1599
1597
1597
1597
1594
1594
1591
1591
1590
1590
1590
1589
1586
1586
1584
1584
1584
1583
1582
1582
1582
1580
1580
1579
1579
1576
1575
1573
1573
1572
1570
1569
1568
1568
1567
1566
1566
1566
1566
1564
1564
1564
1564
1563
1563
1563
1560
1558
1556
1556
1556
1555
1555
1554
1553
1553
1551
1550
1550
1550
1549
1548
1548
1548
1547
1545
1545
1543
1543
1540
1540
1538
1537
1535
1534
1533
1533
1533
1531
1531
1530
1527
1526
1525
1525
1524
1523
1523
1522
1522
1521
1520
1520
1520
1519
1518
1515
1514
1513
1512
1512
1512
1508
1507
1506
1506
1505
1505
1505
1505
1504
1503
1500
1498
1496
1495
1495
1492
1491
1491
1487
1483
1480
1477
1477
1476
1474
1472
1470
1470
1469
1467
1467
1466
1465
1463
1460
1460
1459
1457
1457
1456
1456
1456
1456
1455
1454
1449
1449
1447
1447
1447
1446
1446
1446
1445
1444
1443
1443
1443
1441
1441
1440
1440
1439
1437
1435
1434
1434
1434
1433
1432
1430
1430
1429
1428
1428
1426
1426
1424
1424
1423
1423
1420
1420
1417
1416
1415
1414
1412
1412
1411
1411
1409
1408
1405
1404
1403
1403
1402
1401
1400
1400
1400
1399
1399
1399
1397
1397
1397
1396
1396
1394
1393
1393
1392
1391
1391
1389
1389
1388
1387
1387
1387
1385
1385
1384
1384
1384
1383
1382
1382
1381
1380
1380
1379
1378
1378
1377
1376
1376
1375
1374
1374
1373
1372
1371
1369
1368
1368
1367
1367
1366
1365
1364
1364
1364
1363
1363
1363
1362
1362
1360
1359
1358
1357
1356
1355
1355
1354
1354
1352
1351
1350
1350
1349
1345
1344
1344
1344
1342
1341
1340
1338
1338
1338
1337
1336
1334
1333
1333
1331
1331
1331
1330
1329
1328
1328
1328
1327
1327
1323
1323
1323
1322
1321
1321
1320
1319
1318
1318
1316
1315
1314
1314
1313
1312
1311
1311
1310
1309
1307
1307
1302
1300
1300
1299
1299
1298
1297
1296
1296
1295
1294
1293
1292
1292
1291
1290
1288
1287
1284
1284
1283
1282
1281
1281
1281
1280
1277
1275
1275
1274
1271
1271
1271
1271
1270
1270
1270
1269
1268
1268
1267
1267
1267
1266
1266
1263
1263
1262
1261
1259
1258
1258
1258
1258
1256
1254
1253
1250
1247
1246
1244
1243
1242
1240
1239
1238
1236
1235
1232
1232
1230
1230
1230
1229
1229
1226
1223
1223
1222
1218
1218
1218
1218
1217
1216
1215
1214
1212
1212
1208
1207
1200
1198
1197
1197
1196
1196
1194
1194
1193
1193
1193
1192
1192
1192
1192
1190
1188
1188
1187
1185
1185
1184
1181
1179
1179
1178
1177
1177
1175
1174
1173
1172
1169
1169
1168
1168
1168
1165
1162
1160
1159
1159
1159
1156
1153
1152
1150
1149
1148
1147
1147
1146
1145
1144
1144
1143
1143
1142
1139
1139
1139
1138
1138
1137
1137
1137
1136
1133
1132
1132
1131
1129
1129
1128
1128
1127
1127
1126
1126
1125
1125
1122
1122
1121
1121
1119
1118
1117
1117
1116
1116
1115
1114
1114
1112
1112
1111
1107
1106
1106
1106
1105
1105
1104
1104
1102
1102
1102
1097
1095
1093
1090
1089
1089
1087
1087
1085
1084
1084
1081
1079
1078
1075
1074
1072
1072
1071
1071
1070
1065
1065
1064
1064
1064
1063
1063
1062
1062
1061
1061
1060
1059
1058
1057
1055
1055
1055
1055
1054
1054
1054
1054
1053
1052
1051
1051
1050
1049
1049
1047
1046
1046
1042
1042
1042
1041
1041
1039
1038
1036
1033
1031
1031
1030
1029
1029
1029
1026
1025
1025
1022
1021
1019
1019
1017
1016
1014
1013
1013
1012
1010
1009
1009
1009
1005
1005
1004
1004
1003
1003
1002
999
997
996
996
994
990
990
989
987
986
984
983
983
981
980
979
978
978
971
971
969
968
966
965
965
964
963
962
962
961
961
960
957
956
956
955
953
953
952
951
949
949
949
948
947
947
946
945
942
941
940
940
939
939
938
938
937
935
935
933
931
931
928
927
927
925
921
920
917
915
915
915
912
912
911
910
910
909
909
907
907
906
901
901
901
900
899
897
896
894
894
894
893
892
892
892
892
890
890
889
886
886
885
885
885
884
884
881
879
879
877
877
876
875
875
875
875
872
872
871
871
870
869
868
868
866
866
865
863
861
861
860
860
858
857
857
856
855
854
854
853
853
853
851
848
847
846
845
845
845
843
843
843
842
841
840
839
838
837
836
836
835
834
833
832
831
830
829
827
826
825
825
825
823
823
823
823
821
820
820
820
818
815
815
814
814
814
812
811
810
810
809
809
808
808
808
807
807
806
804
804
804
803
801
801
800
800
799
799
797
796
794
793
792
792
790
789
788
788
787
787
785
785
785
780
780
779
779
778
777
777
777
776
774
773
770
770
767
767
764
763
761
761
760
759
759
758
758
757
755
755
754
753
750
749
749
748
748
748
746
746
745
744
743
742
739
738
736
734
733
733
731
731
729
727
726
724
723
722
721
720
719
719
717
715
714
714
714
714
714
712
712
712
711
708
707
707
706
705
705
704
700
699
697
697
696
696
695
695
694
692
692
691
690
689
689
688
688
687
685
683
681
681
681
680
676
674
674
672
671
671
671
670
669
668
667
666
665
665
663
663
663
662
662
661
661
661
661
661
660
656
655
653
651
651
650
648
648
648
648
645
645
645
643
643
641
641
640
637
637
636
636
636
635
634
634
633
632
630
630
629
628
627
626
624
623
621
619
616
615
614
614
611
610
609
608
606
604
604
602
602
601
601
600
599
596
596
595
594
593
592
590
589
588
588
588
588
587
586
585
585
585
583
583
582
581
579
578
577
576
576
576
575
575
575
574
573
573
572
571
570
568
568
567
567
567
566
564
563
563
563
562
562
561
561
560
560
557
556
555
554
554
554
553
553
551
551
550
549
548
548
547
546
546
545
545
544
543
541
541
540
539
539
539
538
536
534
533
532
528
526
525
525
524
523
522
522
522
519
519
518
516
516
516
514
514
513
512
511
511
510
509
507
506
504
504
504
502
501
500
500
497
496
496
495
494
493
492
492
488
487
484
484
484
483
482
481
480
480
480
479
479
478
477
477
474
474
474
471
470
468
468
466
465
464
464
463
463
462
460
460
458
457
455
454
454
453
450
449
448
445
445
444
443
442
441
441
439
438
435
435
434
434
433
432
432
431
429
429
429
425
424
423
422
421
420
419
417
416
416
415
414
414
410
409
409
408
408
407
407
406
405
403
401
401
400
399
398
398
397
395
394
394
394
394
394
393
393
391
391
390
389
389
388
388
387
387
386
382
381
380
378
377
376
372
370
370
367
367
367
366
365
364
364
364
362
362
359
358
356
354
354
354
353
353
351
351
350
350
350
349
349
347
347
345
345
345
342
342
342
339
338
337
335
335
333
331
331
330
329
328
328
325
325
323
323
323
323
323
323
321
321
320
320
317
316
315
314
314
314
313
311
308
308
306
305
304
304
303
302
302
301
301
301
300
299
299
297
296
296
294
294
293
292
292
291
291
288
286
286
285
285
285
284
282
281
278
277
277
277
276
276
275
275
274
274
273
272
271
269
269
269
269
266
263
262
258
258
258
256
256
255
255
255
254
252
251
251
249
249
248
247
246
245
245
243
243
240
239
238
237
237
237
237
237
235
235
235
234
234
233
232
231
230
230
230
226
226
226
226
225
224
223
222
222
222
220
219
219
219
216
214
213
213
213
211
211
211
209
209
208
208
207
207
206
206
203
203
203
202
201
200
200
199
198
195
194
190
189
187
187
185
185
183
182
182
181
181
181
178
178
177
176
175
175
175
175
175
175
173
171
169
167
165
164
162
161
160
160
158
158
157
155
154
153
152
149
149
149
149
146
146
144
141
141
138
138
137
136
135
133
133
133
131
130
128
127
127
126
125
125
123
121
121
119
118
117
116
114
112
112
110
110
108
107
106
106
105
105
105
104
103
102
102
101
99
99
94
94
93
91
90
87
85
85
82
81
76
75
75
72
72
72
72
71
71
70
70
70
70
69
67
67
67
62
62
62
61
61
60
59
59
59
56
55
53
52
52
51
51
51
51
49
49
46
43
40
39
37
34
34
33
33
32
32
31
30
29
29
28
28
28
27
27
23
22
21
21
20
19
18
17
17
13
13
13
11
6
5
4
4
4
3
2
